docking_rank,candidate_id,chunk_id,source_models,minimized_affinity_kcal_mol,cnn_score,cnn_affinity,cnn_vs,mw,tpsa,clogp,hbd,hba,rotatable_bonds,formal_charge,sa_score,lipinski_rule_of_five_violations,max_clinical_similarity,max_patent_proxy_similarity,parent_inchi_key,parent_smiles,canonical_smiles,generated_smiles,pose_sdf,analysis_smiles,murcko_scaffold,generic_murcko_scaffold,structure_qc_flags,pose_qc_pass,pose_qc_flags,ecfp_cluster_id,selected_for_admet,selected_for_pre_admet_md,admet_selection_rank,pre_admet_md_selection_rank,admet_ai_smiles,admet_ai_docking_rank,admet_ai_source_models,admet_ai_cnn_score,admet_ai_cnn_affinity,admet_ai_minimized_affinity_kcal_mol,admet_ai_mw,admet_ai_tpsa,admet_ai_clogp,admet_ai_hbd,admet_ai_hba,admet_ai_rotatable_bonds,admet_ai_formal_charge,admet_ai_sa_score,admet_ai_lipinski_rule_of_five_violations,admet_ai_max_clinical_similarity,admet_ai_max_patent_proxy_similarity,admet_ai_murcko_scaffold,admet_ai_generic_murcko_scaffold,admet_ai_ecfp_cluster_id,admet_ai_pose_qc_pass,admet_ai_pose_qc_flags,admet_ai_parent_inchi_key,admet_ai_parent_smiles,admet_ai_pose_sdf,molecular_weight,logP,hydrogen_bond_acceptors,hydrogen_bond_donors,Lipinski,QED,stereo_centers,PAINS_alert,BRENK_alert,NIH_alert,AMES,BBB_Martins,Bioavailability_Ma,CYP1A2_Veith,CYP2C19_Veith,CYP2C9_Substrate_CarbonMangels,CYP2C9_Veith,CYP2D6_Substrate_CarbonMangels,CYP2D6_Veith,CYP3A4_Substrate_CarbonMangels,CYP3A4_Veith,Carcinogens_Lagunin,ClinTox,DILI,HIA_Hou,NR-AR-LBD,NR-AR,NR-AhR,NR-Aromatase,NR-ER-LBD,NR-ER,NR-PPAR-gamma,PAMPA_NCATS,Pgp_Broccatelli,SR-ARE,SR-ATAD5,SR-HSE,SR-MMP,SR-p53,Skin_Reaction,hERG,Caco2_Wang,Clearance_Hepatocyte_AZ,Clearance_Microsome_AZ,Half_Life_Obach,HydrationFreeEnergy_FreeSolv,LD50_Zhu,Lipophilicity_AstraZeneca,PPBR_AZ,Solubility_AqSolDB,VDss_Lombardo,molecular_weight_drugbank_approved_percentile,logP_drugbank_approved_percentile,hydrogen_bond_acceptors_drugbank_approved_percentile,hydrogen_bond_donors_drugbank_approved_percentile,Lipinski_drugbank_approved_percentile,QED_drugbank_approved_percentile,stereo_centers_drugbank_approved_percentile,tpsa_drugbank_approved_percentile,PAINS_alert_drugbank_approved_percentile,BRENK_alert_drugbank_approved_percentile,NIH_alert_drugbank_approved_percentile,AMES_drugbank_approved_percentile,BBB_Martins_drugbank_approved_percentile,Bioavailability_Ma_drugbank_approved_percentile,CYP1A2_Veith_drugbank_approved_percentile,CYP2C19_Veith_drugbank_approved_percentile,CYP2C9_Substrate_CarbonMangels_drugbank_approved_percentile,CYP2C9_Veith_drugbank_approved_percentile,CYP2D6_Substrate_CarbonMangels_drugbank_approved_percentile,CYP2D6_Veith_drugbank_approved_percentile,CYP3A4_Substrate_CarbonMangels_drugbank_approved_percentile,CYP3A4_Veith_drugbank_approved_percentile,Carcinogens_Lagunin_drugbank_approved_percentile,ClinTox_drugbank_approved_percentile,DILI_drugbank_approved_percentile,HIA_Hou_drugbank_approved_percentile,NR-AR-LBD_drugbank_approved_percentile,NR-AR_drugbank_approved_percentile,NR-AhR_drugbank_approved_percentile,NR-Aromatase_drugbank_approved_percentile,NR-ER-LBD_drugbank_approved_percentile,NR-ER_drugbank_approved_percentile,NR-PPAR-gamma_drugbank_approved_percentile,PAMPA_NCATS_drugbank_approved_percentile,Pgp_Broccatelli_drugbank_approved_percentile,SR-ARE_drugbank_approved_percentile,SR-ATAD5_drugbank_approved_percentile,SR-HSE_drugbank_approved_percentile,SR-MMP_drugbank_approved_percentile,SR-p53_drugbank_approved_percentile,Skin_Reaction_drugbank_approved_percentile,hERG_drugbank_approved_percentile,Caco2_Wang_drugbank_approved_percentile,Clearance_Hepatocyte_AZ_drugbank_approved_percentile,Clearance_Microsome_AZ_drugbank_approved_percentile,Half_Life_Obach_drugbank_approved_percentile,HydrationFreeEnergy_FreeSolv_drugbank_approved_percentile,LD50_Zhu_drugbank_approved_percentile,Lipophilicity_AstraZeneca_drugbank_approved_percentile,PPBR_AZ_drugbank_approved_percentile,Solubility_AqSolDB_drugbank_approved_percentile,VDss_Lombardo_drugbank_approved_percentile,docking_component_score,admet_component_score,physchem_component_score,similarity_component_score,admet_risk_count,admet_risk_flags,composite_score,admet_rank,selected_for_md,md_selection_rank
48,FXIA-GEN-008501,0018,reinvent_denovo,-6.70362,0.978581965,6.3560848236,6.2199501991,364.265,78.51,1.247,2.0,4.0,6.0,0.0,2.153,0.0,0.107,0.137,GLOJVNSOOQRZLA-UHFFFAOYSA-N,CC(=O)Nc1ccc(Br)cc1S(=O)(=O)NCCN(C)C,CC(=O)Nc1ccc(Br)cc1S(=O)(=O)NCCN(C)C,CC(=O)Nc1ccc(Br)cc1S(=O)(=O)NCCN(C)C,results/docking/gnina_7mbo/all_filtered_gpu_cnnfast/poses/fxia_filtered_all_chunk_0018_gnina_poses.sdf,CC(=O)Nc1ccc(Br)cc1S(=O)(=O)NCCN(C)C,c1ccccc1,C1CCCCC1,ok,true,ok,39,true,false,39,,CC(=O)Nc1ccc(Br)cc1S(=O)(=O)NCCN(C)C,48,reinvent_denovo,0.978581965,6.3560848236,-6.70362,364.265,78.50999999999999,1.247,2.0,4.0,6.0,0.0,2.153,0.0,0.107,0.137,c1ccccc1,C1CCCCC1,39,True,ok,GLOJVNSOOQRZLA-UHFFFAOYSA-N,CC(=O)Nc1ccc(Br)cc1S(=O)(=O)NCCN(C)C,results/docking/gnina_7mbo/all_filtered_gpu_cnnfast/poses/fxia_filtered_all_chunk_0018_gnina_poses.sdf,364.26500000000016,1.2473999999999996,4,2,4.0,0.7964833246709252,0,0,0,0,0.20735629,0.8564906,0.9453827,0.052509047,0.03336481,0.21296267,0.0067916,0.27226555,0.07943783,0.40678892,0.015715605,0.3428415,0.16302657,0.44003433,0.99740756,0.00977332,0.020425227,0.009135721,0.0022321437,0.0031652234,0.04880876,0.00090283714,0.81375635,0.010195463,0.021861564,0.0011281137,0.0018883275,0.0020746298,0.0059726452,0.55298084,0.29040515,-4.581455,54.04359,17.902721,19.63277,-13.256162,1.7005132,0.8554743,60.46126,-2.9706173,4.210734,57.11775043936731,34.62214411247803,48.55887521968366,61.37082601054482,63.44463971880493,88.47100175746925,22.601054481546576,53.09314586994728,47.59226713532514,25.869947275922673,37.188049209138846,48.01405975395431,62.7768014059754,94.58699472759227,47.31107205623902,33.53251318101933,72.65377855887523,26.362038664323375,74.97363796133568,56.16871704745167,46.81898066783832,38.383128295254835,82.31985940246047,64.2530755711775,52.196836555360285,48.963093145869955,46.85413005272408,41.335676625659055,37.926186291739896,19.894551845342708,10.579964850615115,20.246045694200355,17.820738137082603,53.18101933216169,33.25131810193322,11.107205623901583,16.30931458699473,13.81370826010545,18.840070298769774,22.63620386643234,54.516695957820744,49.73637961335677,75.60632688927944,66.67838312829527,42.21441124780317,57.328646748681905,46.25659050966608,10.509666080843585,43.58523725834798,36.69595782073814,53.39191564147628,70.33391915641477,0.772232,0.808957,0.844401,0.744111,0,none,0.794935,1,true,1
222,FXIA-GEN-035805,0072,reinvent_denovo,-6.51836,0.9632317424,6.0491147041,5.8266992569,350.415,84.94,1.156,1.0,5.0,10.0,0.0,2.075,0.0,0.143,0.143,YTXHGAKZPQWQFV-UHFFFAOYSA-N,CCOC(=O)CCN(CCNC(=O)Cc1ccc(OC)cc1)C(C)=O,CCOC(=O)CCN(CCNC(=O)Cc1ccc(OC)cc1)C(C)=O,CCOC(=O)CCN(CCNC(=O)Cc1ccc(OC)cc1)C(C)=O,results/docking/gnina_7mbo/all_filtered_gpu_cnnfast/poses/fxia_filtered_all_chunk_0072_gnina_poses.sdf,CCOC(=O)CCN(CCNC(=O)Cc1ccc(OC)cc1)C(C)=O,c1ccccc1,C1CCCCC1,ok,true,ok,159,true,false,159,,CCOC(=O)CCN(CCNC(=O)Cc1ccc(OC)cc1)C(C)=O,222,reinvent_denovo,0.9632317424,6.0491147041,-6.51836,350.415,84.94,1.156,1.0,5.0,10.0,0.0,2.075,0.0,0.143,0.143,c1ccccc1,C1CCCCC1,159,True,ok,YTXHGAKZPQWQFV-UHFFFAOYSA-N,CCOC(=O)CCN(CCNC(=O)Cc1ccc(OC)cc1)C(C)=O,results/docking/gnina_7mbo/all_filtered_gpu_cnnfast/poses/fxia_filtered_all_chunk_0072_gnina_poses.sdf,350.4150000000001,1.1556000000000006,5,1,4.0,0.640138309212803,0,0,0,0,0.38728455,0.94181883,0.832579,0.0375391,0.28567466,0.18822074,0.040719304,0.2000722,0.052285016,0.66380817,0.38350934,0.1458391,0.1479202,0.29942447,0.9998888,0.010203691,0.025055442,0.01743185,0.0070752837,0.004297494,0.042041205,0.0022571036,0.94635695,0.054640334,0.03785584,0.0042423103,0.009389788,0.0015325898,0.005374237,0.6332587,0.45679203,-4.3554783,133.3754,95.44763,-16.89903,-12.148295,1.7457314,1.2178116,52.28753,-2.1687837,-4.5193195,53.5676625659051,33.49736379613357,61.880492091388405,36.59050966608085,63.44463971880493,65.3427065026362,22.601054481546576,57.961335676625666,47.59226713532514,25.869947275922673,37.188049209138846,69.06854130052724,76.20386643233743,58.523725834797894,43.65553602811951,73.25131810193322,67.20562390158173,52.4780316344464,67.94376098418279,49.876977152899826,75.99297012302286,78.10193321616872,44.67486818980668,61.72231985940247,43.02284710017575,73.39191564147627,47.94376098418278,49.279437609841835,47.48681898066784,34.93848857644991,15.711775043936733,14.411247803163446,30.68541300527241,77.18804920913885,46.783831282952555,20.808435852372586,35.922671353251324,39.96485061511424,16.2390158172232,21.23022847100176,65.16695957820738,60.421792618629176,90.01757469244289,95.60632688927944,88.89279437609842,2.9876977152899826,53.98945518453428,11.845342706502636,48.40070298769772,30.087873462214414,68.11950790861161,4.182776801405976,0.739626,0.821327,0.807176,0.698111,0,none,0.778288,2,true,2
148,FXIA-GEN-033081,0067,reinvent_denovo,-8.51615,0.9685468078,6.5750527382,6.3682465553,357.414,71.86,1.222,1.0,5.0,4.0,0.0,3.292,0.0,0.138,0.158,XAORAEZMMOHAID-UHFFFAOYSA-N,CN(Cc1cnn(C)c1)C1CNC(=O)N(c2ccc3c(c2)OCCO3)C1,CN(Cc1cnn(C)c1)C1CNC(=O)N(c2ccc3c(c2)OCCO3)C1,CN(Cc1cnn(C)c1)C1CNC(=O)N(c2ccc3c(c2)OCCO3)C1,results/docking/gnina_7mbo/all_filtered_gpu_cnnfast/poses/fxia_filtered_all_chunk_0067_gnina_poses.sdf,CN(Cc1cnn(C)c1)C1CNC(=O)N(c2ccc3c(c2)OCCO3)C1,O=C1NCC(NCc2cn[nH]c2)CN1c1ccc2c(c1)OCCO2,CC1CCC(CCC2CCCC2)CC1C1CCC2CCCCC2C1,ok,true,ok,103,true,false,103,,CN(Cc1cnn(C)c1)C1CNC(=O)N(c2ccc3c(c2)OCCO3)C1,148,reinvent_denovo,0.9685468078,6.5750527382,-8.51615,357.414,71.86000000000001,1.222,1.0,5.0,4.0,0.0,3.292,0.0,0.138,0.158,O=C1NCC(NCc2cn[nH]c2)CN1c1ccc2c(c1)OCCO2,CC1CCC(CCC2CCCC2)CC1C1CCC2CCCCC2C1,103,True,ok,XAORAEZMMOHAID-UHFFFAOYSA-N,CN(Cc1cnn(C)c1)C1CNC(=O)N(c2ccc3c(c2)OCCO3)C1,results/docking/gnina_7mbo/all_filtered_gpu_cnnfast/poses/fxia_filtered_all_chunk_0067_gnina_poses.sdf,357.4140000000002,1.2215,5,1,4.0,0.8909048628240374,1,0,0,0,0.10877329,0.85121137,0.94910085,0.08823566,0.09973164,0.14756471,0.02819264,0.21266326,0.033021785,0.45947045,0.081337556,0.16761725,0.14607911,0.5759885,0.99980384,0.0015930146,0.010022877,0.040244766,0.0027711126,0.001418178,0.028867817,0.0002619544,0.8681854,0.013675598,0.018894296,0.0018599074,0.0014887423,0.0015370877,0.0028369613,0.26076716,0.46292153,-5.153055,33.399147,22.060213,-12.5217495,-15.389333,2.6682632,1.0317595,65.82796,-2.9191673,-0.7797478,55.21968365553603,34.340949033391915,61.880492091388405,36.59050966608085,63.44463971880493,98.5237258347979,55.32513181019333,47.732864674868196,47.59226713532514,25.869947275922673,37.188049209138846,29.455184534270654,62.39015817223199,95.67662565905097,53.77855887521969,51.739894551845346,55.289982425307564,47.0298769771529,69.34973637961336,42.425307557117755,51.35325131810194,55.18453427065027,51.107205623901585,61.44112478031635,59.015817223198596,69.38488576449913,9.384885764499122,18.031634446397188,59.367311072056246,22.39015817223199,3.655536028119508,5.62390158172232,8.576449912126538,59.789103690685415,35.606326889279444,9.279437609841828,23.2688927943761,11.845342706502636,16.274165202108964,13.42706502636204,16.520210896309315,60.63268892794377,37.99648506151143,51.739894551845346,46.67838312829526,5.659050966608085,32.970123022847105,63.8664323374341,45.799648506151144,41.72231985940246,54.41124780316345,27.662565905096663,0.866935,0.784143,0.857143,0.688667,1,DILI_ge_0.50,0.734523,3,true,3
628,FXIA-GEN-007794,0016,reinvent_denovo,-8.22314,0.9434232116,6.4084954262,6.045923233,396.915,60.03,2.404,1.0,5.0,7.0,0.0,2.616,0.0,0.149,0.209,GAFSXFDMOMATCA-UHFFFAOYSA-N,COCCN1CCC(C(=O)NCC2(c3cccc(Cl)c3)OCCCO2)CC1,COCCN1CCC(C(=O)NCC2(c3cccc(Cl)c3)OCCCO2)CC1,COCCN1CCC(C(=O)NCC2(c3cccc(Cl)c3)OCCCO2)CC1,results/docking/gnina_7mbo/all_filtered_gpu_cnnfast/poses/fxia_filtered_all_chunk_0016_gnina_poses.sdf,COCCN1CCC(C(=O)NCC2(c3cccc(Cl)c3)OCCCO2)CC1,O=C(NCC1(c2ccccc2)OCCCO1)C1CCNCC1,CC(CCC1(C2CCCCC2)CCCCC1)C1CCCCC1,ok,true,ok,457,true,false,458,,COCCN1CCC(C(=O)NCC2(c3cccc(Cl)c3)OCCCO2)CC1,628,reinvent_denovo,0.9434232116,6.4084954262,-8.22314,396.915,60.03,2.404,1.0,5.0,7.0,0.0,2.616,0.0,0.149,0.209,O=C(NCC1(c2ccccc2)OCCCO1)C1CCNCC1,CC(CCC1(C2CCCCC2)CCCCC1)C1CCCCC1,457,True,ok,GAFSXFDMOMATCA-UHFFFAOYSA-N,COCCN1CCC(C(=O)NCC2(c3cccc(Cl)c3)OCCCO2)CC1,results/docking/gnina_7mbo/all_filtered_gpu_cnnfast/poses/fxia_filtered_all_chunk_0016_gnina_poses.sdf,396.9150000000003,2.404300000000001,5,1,4.0,0.7664866784526356,0,0,0,0,0.43154216,0.9720875,0.88158643,0.002420428,0.029744148,0.07417376,0.0017483247,0.3535208,0.13901441,0.5940383,0.029945249,0.11150153,0.31839415,0.11850582,0.9998538,0.002801692,0.012935628,0.0019266221,0.00204349,0.0022116336,0.035539024,0.0005471477,0.9375618,0.06376816,0.0394127,0.00085321616,0.002181582,0.0022546768,0.004663913,0.6450762,0.70769376,-4.7691245,19.506397,8.051506,45.76962,-12.56427,3.180327,1.4510797,54.124767,-1.9954922,11.516452,64.85061511423551,50.72056239015818,61.880492091388405,36.59050966608085,63.44463971880493,84.32337434094904,22.601054481546576,38.45342706502637,47.59226713532514,25.869947275922673,37.188049209138846,72.82952548330405,86.22144112478033,72.19683655536029,19.156414762741655,31.880492091388405,29.068541300527244,12.372583479789105,80.17574692442884,66.18629173989456,66.92442882249561,44.18277680140598,33.84885764499121,80.98418277680142,22.03866432337434,71.59929701230229,16.414762741652023,26.045694200351495,14.094903339191566,18.840070298769774,6.71353251318102,9.595782073813709,13.356766256590511,74.41124780316345,48.154657293497365,21.511423550087876,13.462214411247805,15.465729349736382,19.718804920913886,19.648506151142357,66.78383128295255,72.40773286467487,61.89806678383129,36.69595782073814,31.70474516695958,79.19156414762742,50.68541300527241,87.6274165202109,52.68892794376099,31.45869947275923,71.17750439367312,92.23198594024605,0.814181,0.808002,0.837259,0.625444,1,hERG_ge_0.50,0.716298,4,true,4
298,FXIA-GEN-004125,0009,reinvent_denovo,-8.25819,0.9578062296,6.5739293098,6.2965502739,358.442,86.11,3.219,1.0,5.0,4.0,0.0,2.971,0.0,0.187,0.22,CQYNDTGFXWNYAP-UHFFFAOYSA-N,CCn1nc(C)c(-c2ccc(C(C)NC(=O)OC(C)(C)C)nc2)cc1=O,CCn1nc(C)c(-c2ccc(C(C)NC(=O)OC(C)(C)C)nc2)cc1=O,CCn1nc(C)c(-c2ccc(C(C)NC(=O)OC(C)(C)C)nc2)cc1=O,results/docking/gnina_7mbo/all_filtered_gpu_cnnfast/poses/fxia_filtered_all_chunk_0009_gnina_poses.sdf,CCn1nc(C)c(-c2ccc(C(C)NC(=O)OC(C)(C)C)nc2)cc1=O,O=c1cc(-c2cccnc2)cn[nH]1,CC1CCCC(C2CCCCC2)C1,ok,true,ok,213,true,false,213,,CCn1nc(C)c(-c2ccc(C(C)NC(=O)OC(C)(C)C)nc2)cc1=O,298,reinvent_denovo,0.9578062296,6.5739293098,-8.25819,358.442,86.11000000000001,3.219,1.0,5.0,4.0,0.0,2.971,0.0,0.187,0.22,O=c1cc(-c2cccnc2)cn[nH]1,CC1CCCC(C2CCCCC2)C1,213,True,ok,CQYNDTGFXWNYAP-UHFFFAOYSA-N,CCn1nc(C)c(-c2ccc(C(C)NC(=O)OC(C)(C)C)nc2)cc1=O,results/docking/gnina_7mbo/all_filtered_gpu_cnnfast/poses/fxia_filtered_all_chunk_0009_gnina_poses.sdf,358.4420000000001,3.2193200000000015,5,1,4.0,0.9067472243685093,1,0,0,0,0.0924262,0.76602936,0.9527628,0.08428876,0.20657949,0.32528424,0.11317267,0.24999745,0.023480888,0.6765614,0.1174587,0.15192203,0.12712975,0.8329338,0.9999062,0.0024392947,0.014909941,0.030536085,0.020777404,0.0049911467,0.04149811,0.0036839712,0.9614493,0.08109414,0.044316925,0.0058607087,0.0058172657,0.013993455,0.006299547,0.17182866,0.30954006,-4.739832,43.66939,52.28783,5.241515,-12.316587,3.2590814,2.4059837,79.837814,-3.4381008,2.5538018,55.53602811950791,64.63971880492092,61.880492091388405,36.59050966608085,63.44463971880493,99.5079086115993,55.32513181019333,58.59402460456943,47.59226713532514,25.869947275922673,37.188049209138846,25.729349736379614,54.059753954305805,96.48506151142355,53.145869947275926,65.83479789103691,90.26362038664324,67.41652021089631,73.00527240773287,37.644991212653785,77.46924428822496,60.140597539543066,46.22144112478032,57.328646748681905,75.32513181019333,74.58699472759227,14.586994727592268,30.158172231985944,55.922671353251324,50.86115992970124,18.453427065026364,14.13005272407733,40.28119507908612,83.19859402460457,50.650263620386646,24.18277680140598,40.98418277680141,30.474516695957824,38.91036906854131,23.304042179261867,8.927943760984183,51.03690685413006,63.72583479789104,59.507908611599305,70.29876977152901,31.45869947275923,52.337434094903344,89.24428822495607,68.96309314586995,55.81722319859403,43.690685413005276,59.367311072056246,0.836420,0.789155,0.857143,0.572222,1,DILI_ge_0.50,0.714203,5,true,5
46,FXIA-GEN-013225,0027,reinvent_denovo,-8.29631,0.9790979624,7.797150135,7.6341738701,481.6,124.44,1.849,2.0,9.0,9.0,0.0,3.033,0.0,0.129,0.147,JMCHCOBPDSGVHU-UHFFFAOYSA-N,COC(=O)c1c(NC(=O)CSc2nnc(CC(=O)NCC3CCCO3)n2C)sc(C)c1C,COC(=O)c1c(NC(=O)CSc2nnc(CC(=O)NCC3CCCO3)n2C)sc(C)c1C,COC(=O)c1c(NC(=O)CSc2nnc(CC(=O)NCC3CCCO3)n2C)sc(C)c1C,results/docking/gnina_7mbo/all_filtered_gpu_cnnfast/poses/fxia_filtered_all_chunk_0027_gnina_poses.sdf,COC(=O)c1c(NC(=O)CSc2nnc(CC(=O)NCC3CCCO3)n2C)sc(C)c1C,O=C(Cc1nnc(SCC(=O)Nc2cccs2)[nH]1)NCC1CCCO1,CC(CCC1CCC(CC(C)CCC2CCCC2)C1)CC1CCCC1,ok,true,ok,37,true,false,37,,COC(=O)c1c(NC(=O)CSc2nnc(CC(=O)NCC3CCCO3)n2C)sc(C)c1C,46,reinvent_denovo,0.9790979624,7.797150135,-8.29631,481.6,124.44,1.849,2.0,9.0,9.0,0.0,3.033,0.0,0.129,0.147,O=C(Cc1nnc(SCC(=O)Nc2cccs2)[nH]1)NCC1CCCO1,CC(CCC1CCC(CC(C)CCC2CCCC2)C1)CC1CCCC1,37,True,ok,JMCHCOBPDSGVHU-UHFFFAOYSA-N,COC(=O)c1c(NC(=O)CSc2nnc(CC(=O)NCC3CCCO3)n2C)sc(C)c1C,results/docking/gnina_7mbo/all_filtered_gpu_cnnfast/poses/fxia_filtered_all_chunk_0027_gnina_poses.sdf,481.6000000000003,1.8485399999999996,9,2,4.0,0.4107261823536497,1,0,0,0,0.31623456,0.742139,0.8062731,0.012487495,0.25707236,0.13594069,0.11710845,0.051511675,0.008123601,0.7129775,0.5922818,0.12328887,0.039579026,0.84895974,0.9992059,0.012425091,0.014877036,0.016190704,0.030600494,0.0051086443,0.027437609,0.0055315,0.8739104,0.10510026,0.18441312,0.009265495,0.015606573,0.011077662,0.029041324,0.40230113,0.21072921,-4.853663,90.547226,97.65544,-14.595477,-13.885753,2.6106098,2.3547826,92.184525,-3.958667,1.3770492,80.31634446397189,42.24956063268893,88.08435852372584,61.37082601054482,63.44463971880493,34.340949033391915,55.32513181019333,80.45694200351494,47.59226713532514,25.869947275922673,37.188049209138846,61.93321616871705,52.30228471001758,52.056239015817226,32.37258347978911,70.57996485061513,51.35325131810194,67.90861159929702,30.650263620386646,22.530755711775047,82.7768014059754,85.41300527240774,38.03163444639719,26.08084358523726,76.48506151142355,58.13708260105449,53.35676625659051,30.123022847100177,46.467486818980674,55.922671353251324,19.121265377855888,4.7100175746924435,47.17047451669596,60.73813708260106,53.427065026362044,59.648506151142364,49.595782073813716,49.63093145869948,36.520210896309315,50.19332161687171,34.20035149384886,43.30404217926187,55.43057996485062,84.56942003514939,89.42003514938489,4.2179261862917405,42.21441124780317,60.84358523725835,68.04920913884007,73.00527240773287,33.286467486818985,50.43936731107206,0.868516,0.735945,0.752554,0.709667,1,DILI_ge_0.50,0.702208,6,true,6
525,FXIA-GEN-032661,0066,reinvent_denovo,-8.3633,0.9473689198,6.1092967987,5.7877578735,407.419,100.98,1.395,1.0,6.0,4.0,0.0,3.401,0.0,0.147,0.198,WTMVRJYQBMYZCR-UHFFFAOYSA-N,CCOC(=O)C1(O)c2ccccc2N(C)C(=O)C1S(=O)(=O)c1ccc(F)cc1,CCOC(=O)C1(O)c2ccccc2N(C)C(=O)C1S(=O)(=O)c1ccc(F)cc1,CCOC(=O)C1(O)c2ccccc2N(C)C(=O)C1S(=O)(=O)c1ccc(F)cc1,results/docking/gnina_7mbo/all_filtered_gpu_cnnfast/poses/fxia_filtered_all_chunk_0066_gnina_poses.sdf,CCOC(=O)C1(O)c2ccccc2N(C)C(=O)C1S(=O)(=O)c1ccc(F)cc1,O=C1Nc2ccccc2CC1S(=O)(=O)c1ccccc1,CC1CC2CCCCC2CC1C(C)(C)C1CCCCC1,ok,true,ok,374,true,false,374,,CCOC(=O)C1(O)c2ccccc2N(C)C(=O)C1S(=O)(=O)c1ccc(F)cc1,525,reinvent_denovo,0.9473689198,6.1092967987,-8.3633,407.419,100.97999999999999,1.395,1.0,6.0,4.0,0.0,3.401,0.0,0.147,0.198,O=C1Nc2ccccc2CC1S(=O)(=O)c1ccccc1,CC1CC2CCCCC2CC1C(C)(C)C1CCCCC1,374,True,ok,WTMVRJYQBMYZCR-UHFFFAOYSA-N,CCOC(=O)C1(O)c2ccccc2N(C)C(=O)C1S(=O)(=O)c1ccc(F)cc1,results/docking/gnina_7mbo/all_filtered_gpu_cnnfast/poses/fxia_filtered_all_chunk_0066_gnina_poses.sdf,407.4190000000001,1.3953000000000002,6,1,4.0,0.6073426938698193,2,0,0,0,0.01740579,0.60067856,0.88302934,0.035501342,0.44951686,0.5170224,0.47577247,0.04094555,0.013469239,0.43463945,0.2753466,0.2871969,0.021009307,0.950194,0.999493,0.0061170524,0.022990355,0.019098062,0.05813693,0.010001738,0.062778175,0.046310008,0.7521979,0.32253042,0.16386627,0.0049242405,0.01238648,0.16181836,0.029497724,0.20834191,0.124651216,-4.5233035,55.443867,34.446934,8.451719,-10.905235,2.027812,1.0014681,87.66524,-3.041706,-1.1447012,67.20562390158173,36.555360281195085,72.46045694200352,36.59050966608085,63.44463971880493,61.15992970123023,69.84182776801407,68.75219683655537,47.59226713532514,25.869947275922673,37.188049209138846,4.6045694200351495,40.31634446397189,72.75922671353251,43.09314586994728,83.19859402460457,98.69947275922672,89.10369068541301,27.029876977152902,28.998242530755714,49.068541300527244,72.58347978910369,75.18453427065027,13.251318101933217,90.50966608084359,61.6871704745167,33.25131810193322,45.90509666080844,48.7170474516696,66.78383128295255,35.64147627416521,33.32161687170475,78.91036906854131,47.90861159929702,69.8066783831283,56.76625659050967,38.13708260105449,45.30755711775044,70.57996485061513,50.50966608084359,12.126537785588754,34.27065026362039,80.35149384885766,67.45166959578208,57.60984182776802,37.152899824253076,63.65553602811951,24.780316344463973,45.41300527240774,65.62390158172232,51.84534270650264,24.67486818980668,0.828114,0.770613,0.799367,0.638667,1,DILI_ge_0.50,0.701857,7,true,7
420,FXIA-GEN-004436,0009,reinvent_denovo,-7.69308,0.9514448643,6.1761174202,5.8762350082,350.415,85.89,1.962,2.0,5.0,7.0,0.0,2.747,0.0,0.159,0.165,CWDZOWFRBCPZGU-UHFFFAOYSA-N,COc1ccc(NC(=O)C(NC(=O)C2CCCO2)C(C)C)c(OC)c1,COc1ccc(NC(=O)C(NC(=O)C2CCCO2)C(C)C)c(OC)c1,COc1ccc(NC(=O)C(NC(=O)C2CCCO2)C(C)C)c(OC)c1,results/docking/gnina_7mbo/all_filtered_gpu_cnnfast/poses/fxia_filtered_all_chunk_0009_gnina_poses.sdf,COc1ccc(NC(=O)C(NC(=O)C2CCCO2)C(C)C)c(OC)c1,O=C(CNC(=O)C1CCCO1)Nc1ccccc1,CC(CCC(C)C1CCCC1)CC1CCCCC1,ok,true,ok,303,true,false,303,,COc1ccc(NC(=O)C(NC(=O)C2CCCO2)C(C)C)c(OC)c1,420,reinvent_denovo,0.9514448643,6.1761174202,-7.69308,350.415,85.89000000000001,1.962,2.0,5.0,7.0,0.0,2.747,0.0,0.159,0.165,O=C(CNC(=O)C1CCCO1)Nc1ccccc1,CC(CCC(C)C1CCCC1)CC1CCCCC1,303,True,ok,CWDZOWFRBCPZGU-UHFFFAOYSA-N,COc1ccc(NC(=O)C(NC(=O)C2CCCO2)C(C)C)c(OC)c1,results/docking/gnina_7mbo/all_filtered_gpu_cnnfast/poses/fxia_filtered_all_chunk_0009_gnina_poses.sdf,350.4150000000001,1.9620999999999993,5,2,4.0,0.7850831152879983,2,0,0,0,0.37351963,0.848608,0.9126481,0.05243213,0.37935457,0.17924717,0.121553324,0.12271178,0.008272456,0.6891458,0.42461103,0.06993782,0.069984525,0.7655853,0.99996597,0.006257619,0.021334246,0.06854804,0.04980978,0.007600452,0.055508424,0.0054209917,0.9543929,0.11349573,0.12444806,0.021322813,0.022052448,0.034752518,0.023489773,0.29919907,0.31431052,-4.666401,63.77726,53.3203,3.632492,-11.797598,2.564321,2.005629,70.02394,-3.0952296,0.5822729,53.5676625659051,43.971880492091394,61.880492091388405,61.37082601054482,63.44463971880493,86.99472759226714,69.84182776801407,58.48857644991213,47.59226713532514,25.869947275922673,37.188049209138846,67.66256590509667,62.17926186291741,83.3743409490334,47.31107205623902,79.47275922671353,65.09666080843586,68.43585237258348,53.70826010544816,22.776801405975398,79.19156414762742,79.7188049209139,22.00351493848858,40.45694200351494,70.08787346221442,83.19859402460457,33.98945518453427,43.09314586994728,67.10017574692444,63.55008787346222,27.838312829525485,26.15114235500879,46.85413005272408,80.66783831282953,54.34094903339192,49.66608084358524,65.3427065026362,57.012302284710024,49.876977152899826,45.09666080843586,21.195079086115996,51.52899824253076,69.06854130052724,71.8804920913884,70.96660808435853,28.541300527240775,56.59050966608085,57.644991212653785,62.601054481546576,45.97539543057997,50.68541300527241,41.15992970123023,0.793608,0.776346,0.841686,0.658333,1,DILI_ge_0.50,0.700387,8,true,8
453,FXIA-GEN-033633,0068,reinvent_denovo,-7.72921,0.9503150582,6.9709506035,6.6245994568,387.465,122.08,1.051,1.0,6.0,5.0,0.0,2.771,0.0,0.134,0.156,XJUPEGOKHOPVKW-UHFFFAOYSA-N,CS(=O)(=O)C1CCN(c2c(C(N)=O)cnn2-c2ccc(CC#N)cc2)CC1,CS(=O)(=O)C1CCN(c2c(C(N)=O)cnn2-c2ccc(CC#N)cc2)CC1,CS(=O)(=O)C1CCN(c2c(C(N)=O)cnn2-c2ccc(CC#N)cc2)CC1,results/docking/gnina_7mbo/all_filtered_gpu_cnnfast/poses/fxia_filtered_all_chunk_0068_gnina_poses.sdf,CS(=O)(=O)C1CCN(c2c(C(N)=O)cnn2-c2ccc(CC#N)cc2)CC1,c1ccc(-n2nccc2N2CCCCC2)cc1,C1CCC(C2CCCC2C2CCCCC2)CC1,ok,true,ok,325,true,false,325,,CS(=O)(=O)C1CCN(c2c(C(N)=O)cnn2-c2ccc(CC#N)cc2)CC1,453,reinvent_denovo,0.9503150582,6.9709506035,-7.72921,387.465,122.07999999999998,1.051,1.0,6.0,5.0,0.0,2.771,0.0,0.134,0.156,c1ccc(-n2nccc2N2CCCCC2)cc1,C1CCC(C2CCCC2C2CCCCC2)CC1,325,True,ok,XJUPEGOKHOPVKW-UHFFFAOYSA-N,CS(=O)(=O)C1CCN(c2c(C(N)=O)cnn2-c2ccc(CC#N)cc2)CC1,results/docking/gnina_7mbo/all_filtered_gpu_cnnfast/poses/fxia_filtered_all_chunk_0068_gnina_poses.sdf,387.4650000000002,1.0506800000000005,6,1,4.0,0.8181387190491932,0,0,0,0,0.19504257,0.6203188,0.9146301,0.017580152,0.10529502,0.33699098,0.098362036,0.08423096,0.013325681,0.5094145,0.07520367,0.25976744,0.10227789,0.9032725,0.99196035,0.03214059,0.05313022,0.018424157,0.02850995,0.015927484,0.092359826,0.032072704,0.68220705,0.14134616,0.14635476,0.014755709,0.010715403,0.035474256,0.051779043,0.36024973,0.17221354,-5.007111,10.985239,12.605209,-7.885742,-15.661852,2.6892648,0.6213927,55.350952,-3.0687766,-6.5896196,62.49560632688929,32.23198594024605,72.46045694200352,36.59050966608085,63.44463971880493,91.45869947275924,22.601054481546576,79.5079086115993,47.59226713532514,25.869947275922673,37.188049209138846,46.08084358523726,41.86291739894552,84.14762741652022,35.71177504393673,52.653778558875224,91.31810193321617,65.65905096660809,42.84710017574693,28.857644991212656,57.012302284710024,54.235500878734626,70.54481546572936,51.3884007029877,83.16344463971882,41.15992970123023,76.30931458699473,78.6291739894552,48.08435852372584,54.93848857644992,48.33040421792619,52.44288224956064,74.30579964850615,42.882249560632694,57.08260105448155,53.77855887521969,59.050966608084366,42.53075571177505,50.158172231985944,60.98418277680141,28.787346221441126,39.54305799648507,44.99121265377856,27.029876977152902,36.62565905096661,9.982425307557119,31.07205623901582,65.20210896309315,40.49209138840071,32.40773286467487,51.564147627416524,1.7574692442882252,0.794194,0.753725,0.849557,0.695111,1,DILI_ge_0.50,0.696403,9,true,9
242,FXIA-GEN-035097,0071,reinvent_denovo,-7.85526,0.9616948366,6.3705763817,6.1265501976,383.364,128.35,1.134,2.0,7.0,7.0,0.0,2.395,0.0,0.12,0.142,YIIDLGPUSUKFFW-UHFFFAOYSA-N,Cn1ncc(C(=O)OCC(=O)Nc2ccccc2C(=O)NCc2ccco2)n1,Cn1ncc(C(=O)OCC(=O)Nc2ccccc2C(=O)NCc2ccco2)n1,Cn1ncc(C(=O)OCC(=O)Nc2ccccc2C(=O)NCc2ccco2)n1,results/docking/gnina_7mbo/all_filtered_gpu_cnnfast/poses/fxia_filtered_all_chunk_0071_gnina_poses.sdf,Cn1ncc(C(=O)OCC(=O)Nc2ccccc2C(=O)NCc2ccco2)n1,O=C(COC(=O)c1cn[nH]n1)Nc1ccccc1C(=O)NCc1ccco1,CC(CCC(C)C1CCCC1)CC1CCCCC1C(C)CCC1CCCC1,ok,true,ok,175,true,false,175,,Cn1ncc(C(=O)OCC(=O)Nc2ccccc2C(=O)NCc2ccco2)n1,242,reinvent_denovo,0.9616948366,6.3705763817,-7.85526,383.364,128.35,1.134,2.0,7.0,7.0,0.0,2.395,0.0,0.12,0.142,O=C(COC(=O)c1cn[nH]n1)Nc1ccccc1C(=O)NCc1ccco1,CC(CCC(C)C1CCCC1)CC1CCCCC1C(C)CCC1CCCC1,175,True,ok,YIIDLGPUSUKFFW-UHFFFAOYSA-N,Cn1ncc(C(=O)OCC(=O)Nc2ccccc2C(=O)NCc2ccco2)n1,results/docking/gnina_7mbo/all_filtered_gpu_cnnfast/poses/fxia_filtered_all_chunk_0071_gnina_poses.sdf,383.36400000000015,1.1335999999999997,7,2,4.0,0.5853588000927549,0,0,0,0,0.14711036,0.9147909,0.9537082,0.3681036,0.28931624,0.41200924,0.14755842,0.07810519,0.008132034,0.5505346,0.06838672,0.32145756,0.05066391,0.9730498,0.9999329,0.001583601,0.0062481896,0.060522296,0.007644045,0.0015925793,0.04825223,0.0023508803,0.92354935,0.021168195,0.050884444,0.0076970644,0.0035904546,0.005018957,0.0076118642,0.3034255,0.1428953,-5.001533,88.41431,73.25041,-25.002731,-15.096893,1.8787205,1.2729778,85.9158,-3.8972595,-3.3907273,61.37082601054482,33.35676625659051,79.85940246045695,61.37082601054482,63.44463971880493,58.418277680140605,22.601054481546576,81.195079086116,47.59226713532514,25.869947275922673,37.188049209138846,37.22319859402461,71.07205623901582,96.69595782073814,75.60632688927944,73.42706502636204,95.64147627416521,71.35325131810194,40.73813708260106,22.530755711775047,61.47627416520211,53.35676625659051,79.75395430579965,32.513181019332166,94.23550087873463,77.5395430579965,9.349736379613358,9.209138840070299,65.37785588752197,36.063268892794376,4.253075571177504,19.75395430579965,31.634446397188054,70.47451669595783,38.87521968365554,27.732864674868193,45.659050966608085,21.827768014059757,28.787346221441126,25.869947275922673,21.79261862917399,36.555360281195085,45.41300527240774,83.55008787346222,81.75746924428823,1.124780316344464,34.72759226713533,17.750439367311074,49.52548330404218,62.49560632688929,34.27065026362039,7.838312829525484,0.817688,0.743931,0.794133,0.724667,1,DILI_ge_0.50,0.695350,10,true,10
271,FXIA-GEN-036111,0073,reinvent_denovo,-7.28747,0.9597266912,6.5460619926,6.2824306488,376.862,76.15,1.218,0.0,5.0,6.0,0.0,2.053,0.0,0.198,0.219,YYWOEYFFVFRJJV-UHFFFAOYSA-N,CCOc1ccc(Cl)cc1S(=O)(=O)N1CCN(C(=O)COC)CC1,CCOc1ccc(Cl)cc1S(=O)(=O)N1CCN(C(=O)COC)CC1,CCOc1ccc(Cl)cc1S(=O)(=O)N1CCN(C(=O)COC)CC1,results/docking/gnina_7mbo/all_filtered_gpu_cnnfast/poses/fxia_filtered_all_chunk_0073_gnina_poses.sdf,CCOc1ccc(Cl)cc1S(=O)(=O)N1CCN(C(=O)COC)CC1,O=S(=O)(c1ccccc1)N1CCNCC1,CC(C)(C1CCCCC1)C1CCCCC1,ok,true,ok,193,true,false,193,,CCOc1ccc(Cl)cc1S(=O)(=O)N1CCN(C(=O)COC)CC1,271,reinvent_denovo,0.9597266912,6.5460619926,-7.28747,376.862,76.15000000000002,1.218,0.0,5.0,6.0,0.0,2.053,0.0,0.198,0.219,O=S(=O)(c1ccccc1)N1CCNCC1,CC(C)(C1CCCCC1)C1CCCCC1,193,True,ok,YYWOEYFFVFRJJV-UHFFFAOYSA-N,CCOc1ccc(Cl)cc1S(=O)(=O)N1CCN(C(=O)COC)CC1,results/docking/gnina_7mbo/all_filtered_gpu_cnnfast/poses/fxia_filtered_all_chunk_0073_gnina_poses.sdf,376.86200000000025,1.218,5,0,4.0,0.7456954476121765,0,0,0,0,0.18339516,0.89013135,0.8491206,0.06415349,0.6342928,0.26921326,0.32509062,0.09460294,0.015728718,0.6594198,0.21950284,0.21009178,0.029924724,0.87792647,0.9997097,0.010786493,0.019664552,0.017800199,0.047028504,0.009899264,0.058953237,0.026620727,0.9548125,0.23784979,0.2087684,0.009048427,0.01615071,0.052090585,0.033729456,0.42783937,0.1995162,-4.258049,102.551575,70.07312,14.4611635,-10.190984,2.0025678,1.9006706,69.998184,-2.5704534,3.1705654,60.105448154657296,34.340949033391915,61.880492091388405,11.63444639718805,63.44463971880493,81.65202108963094,22.601054481546576,51.59929701230229,47.59226713532514,25.869947275922673,37.188049209138846,43.93673110720563,67.24077328646749,63.198594024604574,49.73637961335677,89.77152899824254,83.19859402460457,82.21441124780317,45.659050966608085,31.3884007029877,75.21968365553603,69.03339191564149,61.47627416520211,19.226713532513184,79.64850615114236,66.88927943760984,49.244288224956065,39.68365553602812,47.66256590509666,62.35500878734623,35.254833040421794,29.841827768014063,71.95079086115993,80.7029876977153,64.63971880492092,62.67135325131811,49.068541300527244,50.790861159929705,55.43057996485062,52.61862917398946,37.609841827768015,42.21441124780317,94.09490333919157,88.92794376098419,80.597539543058,48.1195079086116,68.99824253075572,23.65553602811951,60.35149384885765,45.9402460456942,60.17574692442883,64.07732864674868,0.780866,0.800049,0.832308,0.561000,1,DILI_ge_0.50,0.694269,11,true,11
614,FXIA-GEN-007328,0015,reinvent_denovo,-7.45419,0.9438149333,5.5376844406,5.2265491486,358.188,76.07,1.773,1.0,4.0,4.0,0.0,2.71,0.0,0.13,0.162,FSLGXPNGYPCBPB-UHFFFAOYSA-N,COc1ccc(Br)c(C(=O)N2CCOCC2CC(=O)O)c1,COc1ccc(Br)c(C(=O)N2CCOCC2CC(=O)O)c1,COc1ccc(Br)c(C(=O)N2CCOCC2CC(=O)O)c1,results/docking/gnina_7mbo/all_filtered_gpu_cnnfast/poses/fxia_filtered_all_chunk_0015_gnina_poses.sdf,COc1ccc(Br)c(C(=O)N2CCOCC2CC(=O)O)c1,O=C(c1ccccc1)N1CCOCC1,CC(C1CCCCC1)C1CCCCC1,ok,true,ok,446,true,false,447,,COc1ccc(Br)c(C(=O)N2CCOCC2CC(=O)O)c1,614,reinvent_denovo,0.9438149333,5.5376844406,-7.45419,358.188,76.07,1.773,1.0,4.0,4.0,0.0,2.71,0.0,0.13,0.162,O=C(c1ccccc1)N1CCOCC1,CC(C1CCCCC1)C1CCCCC1,446,True,ok,FSLGXPNGYPCBPB-UHFFFAOYSA-N,COc1ccc(Br)c(C(=O)N2CCOCC2CC(=O)O)c1,results/docking/gnina_7mbo/all_filtered_gpu_cnnfast/poses/fxia_filtered_all_chunk_0015_gnina_poses.sdf,358.1880000000001,1.7734,4,1,4.0,0.8880303740461986,1,0,0,0,0.07223034,0.41947502,0.89446336,0.003022172,0.046826057,0.33076027,0.03020589,0.02562682,0.005237267,0.2295554,0.0063557005,0.25463694,0.07991828,0.8170854,0.905409,0.013490438,0.043302935,0.006500608,0.00736284,0.012479897,0.07591081,0.02827025,0.23854907,0.02375725,0.066447124,0.008896909,0.006843814,0.005551856,0.025051162,0.31024113,0.036280405,-4.9973526,18.726192,-1.9668525,-14.228719,-13.406459,2.009542,-0.9746044,59.947857,-1.5627531,-1.2634459,55.43057996485062,41.05448154657294,48.55887521968366,36.59050966608085,63.44463971880493,98.31282952548331,55.32513181019333,51.493848857645,47.59226713532514,25.869947275922673,37.188049209138846,19.929701230228474,26.99472759226714,76.8365553602812,21.195079086115996,39.40246045694201,90.68541300527241,48.08435852372584,20.738137082601057,16.344463971880494,30.861159929701234,31.212653778558877,69.56063268892795,44.21792618629174,74.0597539543058,26.643233743409493,55.43057996485062,71.95079086115993,31.423550087873465,35.50087873462215,42.03866432337434,42.95254833040422,72.79437609841828,23.866432337434098,39.82425307557118,33.49736379613357,48.36555360281196,33.5676625659051,29.912126537785593,46.57293497363796,22.601054481546576,20.246045694200355,45.62390158172232,35.64147627416521,22.073813708260108,4.393673110720563,45.30755711775044,24.04217926186292,17.961335676625662,36.16871704745167,76.80140597539544,23.936731107205627,0.768592,0.765016,0.857143,0.693556,1,DILI_ge_0.50,0.692941,12,true,12
155,FXIA-GEN-027337,0055,reinvent_denovo,-8.55931,0.9679639339,6.1684374809,5.9708251953,384.432,95.94,3.333,2.0,4.0,8.0,0.0,2.062,0.0,0.117,0.223,SPWGOMLHFRTZEL-UHFFFAOYSA-N,CCN(CCOC(=O)Nc1ccc(C(=O)O)cc1C)C(=O)Cc1ccccc1,CCN(CCOC(=O)Nc1ccc(C(=O)O)cc1C)C(=O)Cc1ccccc1,CCN(CCOC(=O)Nc1ccc(C(=O)O)cc1C)C(=O)Cc1ccccc1,results/docking/gnina_7mbo/all_filtered_gpu_cnnfast/poses/fxia_filtered_all_chunk_0055_gnina_poses.sdf,CCN(CCOC(=O)Nc1ccc(C(=O)O)cc1C)C(=O)Cc1ccccc1,O=C(Cc1ccccc1)NCCOC(=O)Nc1ccccc1,CC(CCCCC(C)CC1CCCCC1)CC1CCCCC1,ok,true,ok,108,true,false,108,,CCN(CCOC(=O)Nc1ccc(C(=O)O)cc1C)C(=O)Cc1ccccc1,155,reinvent_denovo,0.9679639339,6.1684374809,-8.55931,384.432,95.94,3.333,2.0,4.0,8.0,0.0,2.062,0.0,0.117,0.223,O=C(Cc1ccccc1)NCCOC(=O)Nc1ccccc1,CC(CCCCC(C)CC1CCCCC1)CC1CCCCC1,108,True,ok,SPWGOMLHFRTZEL-UHFFFAOYSA-N,CCN(CCOC(=O)Nc1ccc(C(=O)O)cc1C)C(=O)Cc1ccccc1,results/docking/gnina_7mbo/all_filtered_gpu_cnnfast/poses/fxia_filtered_all_chunk_0055_gnina_poses.sdf,384.43200000000013,3.3329200000000023,4,2,4.0,0.7277332413898774,0,0,0,0,0.12068826,0.4260603,0.87676734,0.06428434,0.13318422,0.40091014,0.14446338,0.061617732,0.05691067,0.3177569,0.032176595,0.395103,0.2287508,0.7797963,0.8997073,0.02029664,0.05290137,0.04472328,0.017864417,0.03686293,0.14881915,0.07054447,0.2686409,0.0683061,0.0852672,0.023184892,0.013848977,0.025456686,0.041846894,0.38897753,0.19029702,-4.936736,54.765984,41.13926,-25.115665,-14.011496,2.200091,0.28350177,82.49668,-3.1547403,-2.2000859,61.6871704745167,66.36203866432338,48.55887521968366,61.37082601054482,63.44463971880493,78.84007029876977,22.601054481546576,65.50087873462215,47.59226713532514,25.869947275922673,37.188049209138846,32.09138840070299,27.381370826010546,70.50966608084359,49.77152899824254,57.08260105448155,95.28998242530757,71.17750439367312,34.20035149384886,51.247803163444644,39.08611599297013,44.9560632688928,87.31107205623903,72.9701230228471,71.0017574692443,26.22144112478032,66.4323374340949,78.45342706502637,60.73813708260106,48.57644991212654,68.75219683655537,74.0597539543058,84.25307557117752,25.166959578207383,49.03339191564148,40.17574692442883,66.5377855887522,47.48681898066784,45.342706502636204,56.97715289982426,32.44288224956063,41.40597539543058,49.8066783831283,67.20562390158173,62.49560632688929,1.124780316344464,41.335676625659055,34.90333919156415,34.376098418277685,58.45342706502637,49.34973637961336,15.711775043936733,0.868708,0.695824,0.828032,0.647000,1,DILI_ge_0.50,0.691282,13,true,13
487,FXIA-GEN-006386,0013,reinvent_denovo,-8.68385,0.9489977956,6.8346867561,6.486102581,385.445,98.13,1.538,1.0,5.0,5.0,0.0,2.325,0.0,0.125,0.167,FCLUNFALAZQLDC-UHFFFAOYSA-N,Cc1cccc(C(=O)NCCn2c(=O)cnc3c(S(C)(=O)=O)cccc32)c1,Cc1cccc(C(=O)NCCn2c(=O)cnc3c(S(C)(=O)=O)cccc32)c1,Cc1cccc(C(=O)NCCn2c(=O)cnc3c(S(C)(=O)=O)cccc32)c1,results/docking/gnina_7mbo/all_filtered_gpu_cnnfast/poses/fxia_filtered_all_chunk_0013_gnina_poses.sdf,Cc1cccc(C(=O)NCCn2c(=O)cnc3c(S(C)(=O)=O)cccc32)c1,O=C(NCCn1c(=O)cnc2ccccc21)c1ccccc1,CC(CCCC1C(C)CCC2CCCCC21)C1CCCCC1,ok,true,ok,348,true,false,348,,Cc1cccc(C(=O)NCCn2c(=O)cnc3c(S(C)(=O)=O)cccc32)c1,487,reinvent_denovo,0.9489977956,6.8346867561,-8.68385,385.445,98.13,1.538,1.0,5.0,5.0,0.0,2.325,0.0,0.125,0.167,O=C(NCCn1c(=O)cnc2ccccc21)c1ccccc1,CC(CCCC1C(C)CCC2CCCCC21)C1CCCCC1,348,True,ok,FCLUNFALAZQLDC-UHFFFAOYSA-N,Cc1cccc(C(=O)NCCn2c(=O)cnc3c(S(C)(=O)=O)cccc32)c1,results/docking/gnina_7mbo/all_filtered_gpu_cnnfast/poses/fxia_filtered_all_chunk_0013_gnina_poses.sdf,385.4450000000001,1.53842,5,1,4.0,0.7183445838451586,0,0,0,0,0.07099646,0.89474356,0.9044932,0.6292935,0.6423709,0.46489257,0.6242167,0.15639976,0.047362305,0.5877184,0.58621776,0.3284079,0.057197213,0.9632691,0.9999796,0.003239744,0.015825663,0.11305203,0.04484669,0.0027002543,0.04598748,0.004835634,0.93305284,0.21326527,0.09944179,0.008922558,0.009678866,0.023023937,0.007719347,0.22922131,0.34647202,-4.8043036,54.596355,37.013535,-9.539388,-14.397037,1.9569168,1.3333441,82.55716,-3.9203854,-6.226816,62.03866432337435,38.03163444639719,61.880492091388405,36.59050966608085,63.44463971880493,77.57469244288225,22.601054481546576,66.74868189806679,47.59226713532514,25.869947275922673,37.188049209138846,19.43760984182777,67.7328646748682,80.66783831282953,85.0615114235501,90.05272407732865,97.5395430579965,93.39191564147629,61.6871704745167,48.154657293497365,66.11599297012303,85.20210896309315,80.597539543058,34.97363796133568,92.61862917398946,86.46748681898067,18.945518453427066,32.30228471001758,72.82952548330405,61.72231985940247,8.646748681898067,17.820738137082603,44.99121265377856,73.21616871704745,63.30404217926187,44.04217926186292,48.471001757469246,40.66783831282953,44.32337434094904,26.01054481546573,13.848857644991213,54.30579964850616,58.91036906854131,67.06502636203867,59.613356766256594,8.189806678383128,38.62917398945519,21.300527240773288,50.68541300527241,58.558875219683664,33.77855887521969,1.9683655536028122,0.849628,0.688784,0.825796,0.694111,1,DILI_ge_0.50,0.686164,14,true,14
153,FXIA-GEN-018814,0038,reinvent_denovo,-8.41635,0.968108654,6.3828158379,6.1792593002,362.813,90.65,3.162,2.0,4.0,6.0,0.0,2.328,0.0,0.22,0.22,NCEAGLGRSQRFQU-UHFFFAOYSA-N,COc1cc(C)ccc1OC(C)C(=O)Nc1ccc(C(N)=O)cc1Cl,COc1cc(C)ccc1OC(C)C(=O)Nc1ccc(C(N)=O)cc1Cl,COc1cc(C)ccc1OC(C)C(=O)Nc1ccc(C(N)=O)cc1Cl,results/docking/gnina_7mbo/all_filtered_gpu_cnnfast/poses/fxia_filtered_all_chunk_0038_gnina_poses.sdf,COc1cc(C)ccc1OC(C)C(=O)Nc1ccc(C(N)=O)cc1Cl,O=C(COc1ccccc1)Nc1ccccc1,CC(CCC1CCCCC1)CC1CCCCC1,ok,true,ok,106,true,false,106,,COc1cc(C)ccc1OC(C)C(=O)Nc1ccc(C(N)=O)cc1Cl,153,reinvent_denovo,0.968108654,6.3828158379,-8.41635,362.813,90.65,3.162,2.0,4.0,6.0,0.0,2.328,0.0,0.22,0.22,O=C(COc1ccccc1)Nc1ccccc1,CC(CCC1CCCCC1)CC1CCCCC1,106,True,ok,NCEAGLGRSQRFQU-UHFFFAOYSA-N,COc1cc(C)ccc1OC(C)C(=O)Nc1ccc(C(N)=O)cc1Cl,results/docking/gnina_7mbo/all_filtered_gpu_cnnfast/poses/fxia_filtered_all_chunk_0038_gnina_poses.sdf,362.8130000000001,3.1619200000000003,4,2,4.0,0.8253342127385185,1,0,0,0,0.060125012,0.52160233,0.90117663,0.1587651,0.57924235,0.3464143,0.5050103,0.1304373,0.033389337,0.654363,0.43275976,0.10344876,0.06732856,0.91128093,0.99969655,0.014712098,0.04919917,0.1714703,0.12663431,0.043246068,0.14781971,0.05832362,0.8993875,0.5531675,0.25046277,0.0498209,0.02920146,0.4665524,0.08446945,0.18893638,0.40406185,-4.7372937,87.2958,66.745346,7.6863756,-13.426999,2.0059733,2.9939113,97.18446,-4.872951,-1.7217782,56.90685413005273,63.65553602811951,48.55887521968366,61.37082601054482,63.44463971880493,92.40773286467487,55.32513181019333,61.66959578207382,47.59226713532514,25.869947275922673,37.188049209138846,16.344463971880494,34.340949033391915,79.43760984182778,62.319859402460466,88.04920913884008,92.05623901581723,90.05272407732865,56.379613356766264,42.7768014059754,74.51669595782074,79.85940246045695,31.177504393673114,39.64850615114236,84.18277680140598,66.4323374340949,58.34797891036907,76.02811950790861,79.08611599297014,79.22671353251319,72.30228471001759,73.77855887521969,81.96836555360282,65.16695957820738,79.64850615114236,66.67838312829527,77.64499121265379,61.61687170474517,86.46748681898067,70.15817223198594,10.087873462214413,57.961335676625666,63.90158172231987,83.02284710017575,78.84007029876977,35.746924428822496,45.09666080843586,23.866432337434098,79.40246045694201,83.44463971880492,16.344463971880494,19.578207381370827,0.860333,0.709229,0.851270,0.535556,1,DILI_ge_0.50,0.686054,15,true,15
527,FXIA-GEN-025773,0052,reinvent_denovo,-6.67205,0.9473204613,5.588871479,5.2944521904,350.44,67.87,1.404,1.0,6.0,5.0,0.0,3.813,0.0,0.132,0.183,RQWAQHZDMFRSPQ-UHFFFAOYSA-N,CCOC(=O)C1(NC2CCN(c3ccccc3)C2=O)CSCCO1,CCOC(=O)C1(NC2CCN(c3ccccc3)C2=O)CSCCO1,CCOC(=O)C1(NC2CCN(c3ccccc3)C2=O)CSCCO1,results/docking/gnina_7mbo/all_filtered_gpu_cnnfast/poses/fxia_filtered_all_chunk_0052_gnina_poses.sdf,CCOC(=O)C1(NC2CCN(c3ccccc3)C2=O)CSCCO1,O=C1C(NC2CSCCO2)CCN1c1ccccc1,CC1C(CC2CCCCC2)CCC1C1CCCCC1,ok,true,ok,376,true,false,376,,CCOC(=O)C1(NC2CCN(c3ccccc3)C2=O)CSCCO1,527,reinvent_denovo,0.9473204613,5.588871479,-6.67205,350.44,67.87,1.404,1.0,6.0,5.0,0.0,3.813,0.0,0.132,0.183,O=C1C(NC2CSCCO2)CCN1c1ccccc1,CC1C(CC2CCCCC2)CCC1C1CCCCC1,376,True,ok,RQWAQHZDMFRSPQ-UHFFFAOYSA-N,CCOC(=O)C1(NC2CCN(c3ccccc3)C2=O)CSCCO1,results/docking/gnina_7mbo/all_filtered_gpu_cnnfast/poses/fxia_filtered_all_chunk_0052_gnina_poses.sdf,350.44000000000017,1.4042999999999994,6,1,4.0,0.8100259665154734,2,0,0,0,0.31550303,0.96853745,0.9103904,0.2167395,0.68508244,0.28546873,0.23728916,0.092132546,0.0038209923,0.64043015,0.09330475,0.12030952,0.01975144,0.86286354,0.9999874,0.0021160268,0.009650901,0.045478236,0.023128962,0.0063354494,0.07843275,0.012955931,0.98312294,0.07447422,0.09768158,0.015505664,0.009208528,0.025108535,0.009302021,0.44169283,0.13165219,-4.565131,106.60934,83.82851,-9.562826,-10.496968,2.3895683,2.0836627,70.04716,-2.8570068,-2.5834262,53.602811950790866,36.73110720562391,72.46045694200352,36.59050966608085,63.44463971880493,90.65026362038665,69.84182776801407,45.254833040421794,47.59226713532514,25.869947275922673,37.188049209138846,61.86291739894553,84.71001757469244,82.74165202108964,66.92442882249561,91.38840070298771,85.3427065026362,77.82073813708261,45.13181019332162,12.372583479789105,72.58347978910369,57.11775043936731,37.152899824253076,12.79437609841828,77.89103690685414,88.85764499121267,12.231985940246046,17.293497363796135,61.12478031634447,52.37258347978911,23.304042179261867,44.39367311072056,62.07381370826011,94.37609841827769,49.77152899824254,43.690685413005276,59.964850615114244,39.472759226713535,45.237258347978916,28.822495606326893,39.472759226713535,35.254833040421794,76.76625659050967,90.12302284710019,85.72934973637962,8.189806678383128,66.71353251318102,46.18629173989456,63.8664323374341,46.010544815465735,55.289982425307564,12.478031634446399,0.726572,0.792608,0.847625,0.670333,1,DILI_ge_0.50,0.685520,16,true,16
197,FXIA-GEN-006313,0013,reinvent_denovo,-8.60628,0.9651823044,6.7168488503,6.4829835892,390.403,122.76,1.257,3.0,6.0,5.0,0.0,3.025,0.0,0.113,0.178,FBDSKJGXKOTCLQ-UHFFFAOYSA-N,CN1Cc2cc(C#N)cc(Nc3cnn4cccc(C(=O)NCCO)c34)c2C1=O,CN1Cc2cc(C#N)cc(Nc3cnn4cccc(C(=O)NCCO)c34)c2C1=O,CN1Cc2cc(C#N)cc(Nc3cnn4cccc(C(=O)NCCO)c34)c2C1=O,results/docking/gnina_7mbo/all_filtered_gpu_cnnfast/poses/fxia_filtered_all_chunk_0013_gnina_poses.sdf,CN1Cc2cc(C#N)cc(Nc3cnn4cccc(C(=O)NCCO)c34)c2C1=O,O=C1NCc2cccc(Nc3cnn4ccccc34)c21,CC1CCC2CCCC(CC3CCC4CCCCC43)C12,ok,true,ok,141,true,false,141,,CN1Cc2cc(C#N)cc(Nc3cnn4cccc(C(=O)NCCO)c34)c2C1=O,197,reinvent_denovo,0.9651823044,6.7168488503,-8.60628,390.403,122.76000000000002,1.257,3.0,6.0,5.0,0.0,3.025,0.0,0.113,0.178,O=C1NCc2cccc(Nc3cnn4ccccc34)c21,CC1CCC2CCCC(CC3CCC4CCCCC43)C12,141,True,ok,FBDSKJGXKOTCLQ-UHFFFAOYSA-N,CN1Cc2cc(C#N)cc(Nc3cnn4cccc(C(=O)NCCO)c34)c2C1=O,results/docking/gnina_7mbo/all_filtered_gpu_cnnfast/poses/fxia_filtered_all_chunk_0013_gnina_poses.sdf,390.40300000000025,1.2572799999999997,6,3,4.0,0.6027074125913403,0,0,0,0,0.3077683,0.3297729,0.8306426,0.14241895,0.11468522,0.24536476,0.29951945,0.0553782,0.018587202,0.44814315,0.37270278,0.17079857,0.16177748,0.980498,0.9906846,0.029330313,0.05886174,0.3498668,0.089452565,0.0195638,0.08204184,0.023575589,0.60105693,0.18169093,0.29519287,0.09854343,0.034279924,0.18306807,0.16167995,0.26833954,0.29960388,-5.0594277,14.58768,7.9937468,36.545853,-18.838287,2.253505,0.9978787,67.04848,-3.789875,4.3459005,63.26889279437611,34.692442882249566,72.46045694200352,78.20738137082601,63.44463971880493,60.562390158172235,22.601054481546576,79.75395430579965,47.59226713532514,25.869947275922673,37.188049209138846,61.05448154657294,21.01933216168717,58.17223198594025,60.66783831282953,54.09490333919157,78.80492091388402,81.01933216168717,32.12653778558875,33.919156414762746,50.26362038664324,77.64499121265379,51.95079086115994,63.90158172231987,95.71177504393674,40.03514938488577,74.79789103690686,81.37082601054482,88.85764499121267,73.63796133567664,53.98945518453428,46.67838312829526,70.40421792618629,38.242530755711776,60.597539543058005,70.15817223198594,85.65905096660809,64.21792618629175,72.61862917398946,81.05448154657294,17.293497363796135,50.36906854130053,41.86291739894552,30.861159929701234,31.70474516695958,73.63796133567664,19.226713532513184,38.17223198594025,45.41300527240774,43.09314586994728,36.48506151142355,71.14235500878735,0.867632,0.677995,0.798264,0.696444,1,DILI_ge_0.50,0.684253,17,true,17
523,FXIA-GEN-034242,0069,reinvent_denovo,-7.73981,0.9474194646,6.7014536858,6.3490877151,393.538,88.91,3.146,2.0,6.0,8.0,0.0,2.369,0.0,0.14,0.165,XTTCEAVBDDOUDT-UHFFFAOYSA-N,CC(=O)Nc1ccccc1NC(=O)CSc1nnc(CSC(C)C)n1C,CC(=O)Nc1ccccc1NC(=O)CSc1nnc(CSC(C)C)n1C,CC(=O)Nc1ccccc1NC(=O)CSc1nnc(CSC(C)C)n1C,results/docking/gnina_7mbo/all_filtered_gpu_cnnfast/poses/fxia_filtered_all_chunk_0069_gnina_poses.sdf,CC(=O)Nc1ccccc1NC(=O)CSc1nnc(CSC(C)C)n1C,O=C(CSc1nnc[nH]1)Nc1ccccc1,CC(CCC1CCCC1)CC1CCCCC1,ok,true,ok,372,true,false,372,,CC(=O)Nc1ccccc1NC(=O)CSc1nnc(CSC(C)C)n1C,523,reinvent_denovo,0.9474194646,6.7014536858,-7.73981,393.538,88.91,3.146,2.0,6.0,8.0,0.0,2.369,0.0,0.14,0.165,O=C(CSc1nnc[nH]1)Nc1ccccc1,CC(CCC1CCCC1)CC1CCCCC1,372,True,ok,XTTCEAVBDDOUDT-UHFFFAOYSA-N,CC(=O)Nc1ccccc1NC(=O)CSc1nnc(CSC(C)C)n1C,results/docking/gnina_7mbo/all_filtered_gpu_cnnfast/poses/fxia_filtered_all_chunk_0069_gnina_poses.sdf,393.5380000000001,3.145900000000002,6,2,4.0,0.6699422593696245,0,0,0,0,0.46064386,0.73287356,0.8780397,0.07274936,0.21619216,0.25607947,0.097358204,0.15986855,0.035223793,0.6455522,0.32770514,0.18361142,0.15086414,0.770833,0.9960726,0.029155914,0.028349573,0.110456765,0.039407145,0.017558014,0.08090097,0.010580881,0.8093647,0.089866705,0.14235719,0.029122656,0.024528801,0.040485393,0.05121715,0.45742783,0.37062496,-4.9131765,67.3605,46.521545,-7.8840485,-14.03665,1.9787977,0.9667994,62.061287,-2.621055,0.64345396,64.32337434094904,63.26889279437611,72.46045694200352,61.37082601054482,63.44463971880493,69.98242530755712,22.601054481546576,60.50966608084359,47.59226713532514,25.869947275922673,37.188049209138846,75.64147627416521,51.31810193321618,70.7908611599297,51.03690685413006,66.95957820738138,81.01933216168717,65.4481546572935,62.24956063268893,43.831282952548335,73.21616871704745,75.53602811950792,54.72759226713533,62.108963093145874,70.36906854130054,46.36203866432338,74.76274165202109,54.09490333919157,72.47803163444641,59.75395430579965,50.896309314587,45.97539543057997,58.840070298769774,52.75922671353252,51.66959578207382,53.04042179261863,69.59578207381371,58.699472759226715,52.02108963093146,60.878734622144115,41.44112478031635,55.85237258347979,51.66959578207382,73.67311072056239,66.29173989455185,10.017574692442883,41.0896309314587,22.70650263620387,45.237258347978916,38.066783831282955,59.472759226713535,41.82776801405976,0.790776,0.739043,0.814272,0.679444,1,DILI_ge_0.50,0.682474,18,true,18
574,FXIA-GEN-007372,0015,reinvent_denovo,-8.4011,0.9451963305,6.2729582787,5.9291772842,381.457,94.29,2.849,1.0,5.0,5.0,0.0,3.072,0.0,0.087,0.139,FTCUYIBTXTUKEQ-UHFFFAOYSA-N,CC(C(O)c1ccc(C#N)cc1)N(C)S(=O)(=O)c1ccc2ncccc2c1,CC(C(O)c1ccc(C#N)cc1)N(C)S(=O)(=O)c1ccc2ncccc2c1,CC(C(O)c1ccc(C#N)cc1)N(C)S(=O)(=O)c1ccc2ncccc2c1,results/docking/gnina_7mbo/all_filtered_gpu_cnnfast/poses/fxia_filtered_all_chunk_0015_gnina_poses.sdf,CC(C(O)c1ccc(C#N)cc1)N(C)S(=O)(=O)c1ccc2ncccc2c1,O=S(=O)(NCCc1ccccc1)c1ccc2ncccc2c1,CC(C)(CCCC1CCCCC1)C1CCC2CCCCC2C1,ok,true,ok,413,true,false,414,,CC(C(O)c1ccc(C#N)cc1)N(C)S(=O)(=O)c1ccc2ncccc2c1,574,reinvent_denovo,0.9451963305,6.2729582787,-8.4011,381.457,94.29,2.849,1.0,5.0,5.0,0.0,3.072,0.0,0.087,0.139,O=S(=O)(NCCc1ccccc1)c1ccc2ncccc2c1,CC(C)(CCCC1CCCCC1)C1CCC2CCCCC2C1,413,True,ok,FTCUYIBTXTUKEQ-UHFFFAOYSA-N,CC(C(O)c1ccc(C#N)cc1)N(C)S(=O)(=O)c1ccc2ncccc2c1,results/docking/gnina_7mbo/all_filtered_gpu_cnnfast/poses/fxia_filtered_all_chunk_0015_gnina_poses.sdf,381.4570000000001,2.8490800000000016,5,1,4.0,0.7332904915364525,2,0,0,0,0.07868786,0.3876968,0.8339998,0.087004796,0.4932217,0.37151074,0.6216106,0.1096104,0.08063857,0.5693494,0.67764825,0.20457391,0.14397667,0.8772281,0.99914587,0.022986328,0.04092399,0.13181749,0.14778893,0.037137307,0.09903319,0.03711609,0.73409176,0.39070854,0.2042763,0.02538431,0.049849257,0.18270636,0.060958076,0.2062935,0.41930825,-4.909777,62.313087,52.01055,1.3600124,-14.192981,2.512427,2.1058965,79.069336,-3.92733,-4.2859364,61.05448154657294,59.015817223198596,61.880492091388405,36.59050966608085,63.44463971880493,79.75395430579965,69.84182776801407,64.07732864674868,47.59226713532514,25.869947275922673,37.188049209138846,22.31985940246046,24.42882249560633,59.12126537785589,53.49736379613357,84.99121265377856,93.84885764499123,93.28646748681899,50.158172231985944,56.48506151142355,63.65553602811951,87.55711775043937,60.49209138840071,61.08963093145871,79.6133567662566,57.57469244288225,69.63093145869948,69.98242530755712,75.50087873462215,81.58172231985941,68.99824253075572,56.344463971880494,76.13356766256591,46.467486818980674,73.42706502636204,62.00351493848858,67.66256590509667,72.37258347978911,72.54833040421794,63.47978910369069,12.02108963093146,58.45342706502637,51.95079086115994,71.03690685413005,69.98242530755712,24.639718804920918,40.21089630931459,54.34094903339192,64.2530755711775,55.07908611599297,33.67311072056239,4.885764499121266,0.827341,0.680041,0.829355,0.764333,1,DILI_ge_0.50,0.682422,19,true,19
606,FXIA-GEN-037548,0076,reinvent_denovo,-7.22703,0.9440957308,6.3451533318,5.9904322624,354.208,95.92,1.805,1.0,6.0,5.0,0.0,2.758,0.0,0.14,0.167,ZXMKKVUJAQBCNZ-UHFFFAOYSA-N,CCOC(=O)c1nnn(Cc2ccnc(N)c2Br)c1CC,CCOC(=O)c1nnn(Cc2ccnc(N)c2Br)c1CC,CCOC(=O)c1nnn(Cc2ccnc(N)c2Br)c1CC,results/docking/gnina_7mbo/all_filtered_gpu_cnnfast/poses/fxia_filtered_all_chunk_0076_gnina_poses.sdf,CCOC(=O)c1nnn(Cc2ccnc(N)c2Br)c1CC,c1cc(Cn2ccnn2)ccn1,C1CCC(CC2CCCC2)CC1,ok,true,ok,439,true,false,440,,CCOC(=O)c1nnn(Cc2ccnc(N)c2Br)c1CC,606,reinvent_denovo,0.9440957308,6.3451533318,-7.22703,354.208,95.92,1.805,1.0,6.0,5.0,0.0,2.758,0.0,0.14,0.167,c1cc(Cn2ccnn2)ccn1,C1CCC(CC2CCCC2)CC1,439,True,ok,ZXMKKVUJAQBCNZ-UHFFFAOYSA-N,CCOC(=O)c1nnn(Cc2ccnc(N)c2Br)c1CC,results/docking/gnina_7mbo/all_filtered_gpu_cnnfast/poses/fxia_filtered_all_chunk_0076_gnina_poses.sdf,354.2080000000001,1.8051999999999997,6,1,4.0,0.8229772307376392,0,0,0,0,0.28513202,0.90733594,0.87983483,0.48170835,0.623348,0.1860371,0.29321963,0.10499133,0.027447786,0.64803535,0.31675908,0.12614462,0.041837953,0.8389885,0.99998224,0.005080822,0.009187242,0.11249568,0.06673072,0.009119463,0.060550123,0.004979514,0.97327167,0.03352272,0.13871081,0.01994921,0.029325437,0.046062537,0.02157239,0.4379674,0.17599352,-4.6116476,123.24607,103.33992,-15.842761,-10.883953,2.0953221,2.0296497,81.21185,-3.5134788,-0.9430334,54.376098418277685,41.75746924428823,72.46045694200352,36.59050966608085,63.44463971880493,92.05623901581723,22.601054481546576,65.27240773286468,47.59226713532514,25.869947275922673,37.188049209138846,58.558875219683664,69.98242530755712,71.49384885764499,80.49209138840071,89.38488576449913,66.81898066783832,80.7029876977153,48.75219683655536,40.14059753954306,73.46221441124781,75.07908611599298,38.73462214411248,27.451669595782075,75.71177504393674,87.27592267135326,28.365553602811953,16.30931458699473,72.79437609841828,68.89279437609842,32.829525483304046,31.282952548330407,45.41300527240774,89.34973637961336,42.1792618629174,52.30228471001758,64.39367311072057,61.652021089630935,53.63796133567663,43.62038664323375,38.94551845342707,39.82425307557118,73.1810193321617,93.70826010544816,90.72056239015818,3.4094903339191567,63.72583479789104,28.119507908611602,63.09314586994728,56.97715289982426,41.82776801405976,26.115992970123024,0.755356,0.755478,0.850709,0.677444,1,DILI_ge_0.50,0.681917,20,true,20
403,FXIA-GEN-037573,0076,reinvent_denovo,-8.64647,0.9526497722,6.8599805832,6.535159111,427.892,100.35,2.496,2.0,5.0,7.0,0.0,2.412,0.0,0.161,0.186,ZXVUKYCIJUOKHW-UHFFFAOYSA-N,Cc1ccc(-c2c(CO)nnn2CC(=O)N(C)CC(=O)Nc2ccccc2Cl)cc1,Cc1ccc(-c2c(CO)nnn2CC(=O)N(C)CC(=O)Nc2ccccc2Cl)cc1,Cc1ccc(-c2c(CO)nnn2CC(=O)N(C)CC(=O)Nc2ccccc2Cl)cc1,results/docking/gnina_7mbo/all_filtered_gpu_cnnfast/poses/fxia_filtered_all_chunk_0076_gnina_poses.sdf,Cc1ccc(-c2c(CO)nnn2CC(=O)N(C)CC(=O)Nc2ccccc2Cl)cc1,O=C(Cn1nncc1-c1ccccc1)NCC(=O)Nc1ccccc1,CC(CCC(C)CC1CCCC1C1CCCCC1)CC1CCCCC1,ok,true,ok,291,true,false,291,,Cc1ccc(-c2c(CO)nnn2CC(=O)N(C)CC(=O)Nc2ccccc2Cl)cc1,403,reinvent_denovo,0.9526497722,6.8599805832,-8.64647,427.892,100.35,2.496,2.0,5.0,7.0,0.0,2.412,0.0,0.161,0.186,O=C(Cn1nncc1-c1ccccc1)NCC(=O)Nc1ccccc1,CC(CCC(C)CC1CCCC1C1CCCCC1)CC1CCCCC1,291,True,ok,ZXVUKYCIJUOKHW-UHFFFAOYSA-N,Cc1ccc(-c2c(CO)nnn2CC(=O)N(C)CC(=O)Nc2ccccc2Cl)cc1,results/docking/gnina_7mbo/all_filtered_gpu_cnnfast/poses/fxia_filtered_all_chunk_0076_gnina_poses.sdf,427.89200000000005,2.49632,5,2,4.0,0.6029975667041994,0,0,0,0,0.20921163,0.6894585,0.8681382,0.009448661,0.4639791,0.33948046,0.27526584,0.066036716,0.037964087,0.6789152,0.44651803,0.23582284,0.09384173,0.88469887,0.999376,0.009484917,0.01565933,0.028397417,0.039678253,0.010562901,0.06695582,0.048591834,0.7931895,0.37899572,0.18865299,0.014108747,0.02045293,0.052556735,0.035732195,0.32444757,0.44413838,-4.9160643,86.22606,64.58568,-5.3051877,-13.281619,2.0030818,2.4408066,96.53117,-3.9919648,-0.09587488,71.81019332161688,52.44288224956064,61.880492091388405,61.37082601054482,63.44463971880493,60.562390158172235,22.601054481546576,68.04920913884007,47.59226713532514,25.869947275922673,37.188049209138846,48.2249560632689,47.27592267135326,68.04920913884007,29.736379613356767,83.76098418277681,91.45869947275924,79.89455184534272,35.67662565905097,44.920913884007035,77.85588752196837,80.42179261862918,66.29173989455185,48.99824253075572,80.49209138840071,60.00000000000001,45.799648506151144,31.880492091388405,54.48154657293498,59.89455184534271,37.3286467486819,36.555360281195085,79.68365553602813,51.247803163444644,72.75922671353251,60.07029876977153,58.03163444639719,55.57117750439368,55.50087873462215,53.81370826010545,24.3585237258348,60.07029876977153,51.52899824253076,82.53075571177506,77.75043936731107,13.532513181019333,46.010544815465735,23.760984182776802,69.73637961335677,81.93321616871705,32.68892794376099,34.340949033391915,0.852498,0.697009,0.798333,0.635111,1,DILI_ge_0.50,0.680439,21,true,21
195,FXIA-GEN-004982,0010,reinvent_denovo,-7.41972,0.9652606249,6.7601356506,6.5252928734,374.466,99.18,2.814,2.0,5.0,7.0,0.0,2.966,0.0,0.098,0.138,DFRQVWCZYRFFSI-UHFFFAOYSA-N,O=C(O)CCC1CCCN(C(=O)c2ccccc2CSc2cn[nH]n2)C1,O=C(O)CCC1CCCN(C(=O)c2ccccc2CSc2cn[nH]n2)C1,O=C(O)CCC1CCCN(C(=O)c2ccccc2CSc2cn[nH]n2)C1,results/docking/gnina_7mbo/all_filtered_gpu_cnnfast/poses/fxia_filtered_all_chunk_0010_gnina_poses.sdf,O=C(O)CCC1CCCN(C(=O)c2ccccc2CSc2cn[nH]n2)C1,O=C(c1ccccc1CSc1cn[nH]n1)N1CCCCC1,CC(C1CCCCC1)C1CCCCC1CCC1CCCC1,ok,true,ok,139,true,false,139,,O=C(O)CCC1CCCN(C(=O)c2ccccc2CSc2cn[nH]n2)C1,195,reinvent_denovo,0.9652606249,6.7601356506,-7.41972,374.466,99.17999999999999,2.814,2.0,5.0,7.0,0.0,2.966,0.0,0.098,0.138,O=C(c1ccccc1CSc1cn[nH]n1)N1CCCCC1,CC(C1CCCCC1)C1CCCCC1CCC1CCCC1,139,True,ok,DFRQVWCZYRFFSI-UHFFFAOYSA-N,O=C(O)CCC1CCCN(C(=O)c2ccccc2CSc2cn[nH]n2)C1,results/docking/gnina_7mbo/all_filtered_gpu_cnnfast/poses/fxia_filtered_all_chunk_0010_gnina_poses.sdf,374.4660000000001,2.814000000000001,5,2,4.0,0.7231690703037961,1,0,0,0,0.074846484,0.3875304,0.80948097,0.008839395,0.14550188,0.28442436,0.15128168,0.045744233,0.03717477,0.38387594,0.1605178,0.2507024,0.14946958,0.76415175,0.971177,0.017127177,0.024134664,0.016444048,0.036139272,0.020825315,0.077426076,0.035667412,0.29945564,0.08153104,0.13257489,0.010863919,0.027089309,0.0124595845,0.03558927,0.2889893,0.1864581,-5.488274,28.49409,13.506061,-26.141895,-16.722393,2.010799,-0.4000861,81.1263,-2.9213967,0.7539325,59.54305799648507,58.45342706502637,61.880492091388405,61.37082601054482,63.44463971880493,78.24253075571178,55.32513181019333,67.24077328646749,47.59226713532514,25.869947275922673,37.188049209138846,20.84358523725835,24.42882249560633,52.75922671353252,29.349736379613358,59.12126537785589,85.20210896309315,71.59929701230229,28.892794376098422,44.53427065026362,44.604569420035155,64.60456942003516,68.78734622144113,61.89806678383129,70.08787346221442,33.84885764499121,62.21441124780317,48.1195079086116,46.60808435852373,58.59402460456943,55.43057996485062,43.8664323374341,75.46572934973639,26.362038664323375,50.650263620386646,51.31810193321618,53.145869947275926,60.31634446397189,37.68014059753955,53.77855887521969,19.718804920913886,41.05448154657294,24.11247803163445,46.99472759226714,37.750439367311074,0.8435852372583481,26.502636203866434,24.11247803163445,24.92091388400703,56.871704745166966,54.34094903339192,43.198594024604574,0.796548,0.700357,0.826945,0.753111,1,DILI_ge_0.50,0.678287,22,true,22
666,FXIA-GEN-013779,0028,reinvent_denovo,-8.22748,0.9424004555,6.453142643,6.0814447403,366.464,84.41,1.434,0.0,5.0,2.0,0.0,3.173,0.0,0.116,0.136,JWERXOAGBUKXCD-UHFFFAOYSA-N,O=S1(=O)CC2(CCCN(S(=O)(=O)c3ccc4ccncc4c3)C2)C1,O=S1(=O)CC2(CCCN(S(=O)(=O)c3ccc4ccncc4c3)C2)C1,O=S1(=O)CC2(CCCN(S(=O)(=O)c3ccc4ccncc4c3)C2)C1,results/docking/gnina_7mbo/all_filtered_gpu_cnnfast/poses/fxia_filtered_all_chunk_0028_gnina_poses.sdf,O=S1(=O)CC2(CCCN(S(=O)(=O)c3ccc4ccncc4c3)C2)C1,O=S1(=O)CC2(CCCN(S(=O)(=O)c3ccc4ccncc4c3)C2)C1,CC1(C)CC2(CCCC(C(C)(C)C3CCC4CCCCC4C3)C2)C1,ok,true,ok,481,true,false,482,,O=S1(=O)CC2(CCCN(S(=O)(=O)c3ccc4ccncc4c3)C2)C1,666,reinvent_denovo,0.9424004555,6.453142643,-8.22748,366.464,84.41000000000001,1.434,0.0,5.0,2.0,0.0,3.173,0.0,0.116,0.136,O=S1(=O)CC2(CCCN(S(=O)(=O)c3ccc4ccncc4c3)C2)C1,CC1(C)CC2(CCCC(C(C)(C)C3CCC4CCCCC4C3)C2)C1,481,True,ok,JWERXOAGBUKXCD-UHFFFAOYSA-N,O=S1(=O)CC2(CCCN(S(=O)(=O)c3ccc4ccncc4c3)C2)C1,results/docking/gnina_7mbo/all_filtered_gpu_cnnfast/poses/fxia_filtered_all_chunk_0028_gnina_poses.sdf,366.46400000000017,1.4341000000000002,5,0,4.0,0.8027841940154609,0,0,0,0,0.43430108,0.7577069,0.7582197,0.04227234,0.19183198,0.33263284,0.17917678,0.10947311,0.055627964,0.5780746,0.42071977,0.3681328,0.19846189,0.8728274,0.99770534,0.035260055,0.041729897,0.03086561,0.097457886,0.027405981,0.119066335,0.017485028,0.69727534,0.29718062,0.35418272,0.026257467,0.059671927,0.037104487,0.073705,0.42063528,0.317531,-4.974145,44.314503,28.42301,-1.9727644,-13.93501,2.0741951,0.8195675,69.792946,-2.9922256,-4.501748,57.50439367311073,37.08260105448155,61.880492091388405,11.63444639718805,63.44463971880493,89.8066783831283,22.601054481546576,57.644991212653785,47.59226713532514,25.869947275922673,37.188049209138846,73.21616871704745,53.5676625659051,42.24956063268893,44.9560632688928,64.32337434094904,90.93145869947277,73.88400702987698,50.08787346221442,50.72056239015818,64.67486818980669,79.68365553602813,84.71001757469244,69.66608084358525,79.22671353251319,49.49033391915642,78.03163444639719,70.50966608084359,56.16871704745167,74.83304042179263,61.652021089630935,65.94024604569421,66.08084358523726,43.8664323374341,68.57644991212655,74.6572934973638,68.18980667838314,75.7469244288225,50.93145869947276,67.27592267135326,36.871704745166966,51.739894551845346,47.557117750439375,59.964850615114244,53.00527240773287,18.945518453427066,41.93321616871705,26.99472759226714,43.09314586994728,45.694200351493855,53.00527240773287,4.2179261862917405,0.813009,0.682637,0.845901,0.735111,1,DILI_ge_0.50,0.678004,23,true,23
72,FXIA-GEN-023524,0048,reinvent_denovo,-9.03546,0.9750242233,6.563557148,6.3996272087,372.381,111.11,2.705,2.0,6.0,6.0,0.0,1.98,0.0,0.186,0.211,QEYYDBGNFPVRTP-UHFFFAOYSA-N,NC(=O)c1ccc(NC(=O)CSc2nnc(-c3ccc(F)cc3)o2)cc1,NC(=O)c1ccc(NC(=O)CSc2nnc(-c3ccc(F)cc3)o2)cc1,NC(=O)c1ccc(NC(=O)CSc2nnc(-c3ccc(F)cc3)o2)cc1,results/docking/gnina_7mbo/all_filtered_gpu_cnnfast/poses/fxia_filtered_all_chunk_0048_gnina_poses.sdf,NC(=O)c1ccc(NC(=O)CSc2nnc(-c3ccc(F)cc3)o2)cc1,O=C(CSc1nnc(-c2ccccc2)o1)Nc1ccccc1,CC(CCC1CCC(C2CCCCC2)C1)CC1CCCCC1,ok,true,ok,54,true,false,54,,NC(=O)c1ccc(NC(=O)CSc2nnc(-c3ccc(F)cc3)o2)cc1,72,reinvent_denovo,0.9750242233,6.563557148,-9.03546,372.381,111.11,2.705,2.0,6.0,6.0,0.0,1.98,0.0,0.186,0.211,O=C(CSc1nnc(-c2ccccc2)o1)Nc1ccccc1,CC(CCC1CCC(C2CCCCC2)C1)CC1CCCCC1,54,True,ok,QEYYDBGNFPVRTP-UHFFFAOYSA-N,NC(=O)c1ccc(NC(=O)CSc2nnc(-c3ccc(F)cc3)o2)cc1,results/docking/gnina_7mbo/all_filtered_gpu_cnnfast/poses/fxia_filtered_all_chunk_0048_gnina_poses.sdf,372.38100000000003,2.705400000000001,6,2,4.0,0.6437241151491712,0,0,0,0,0.35093978,0.48927584,0.85345876,0.27008143,0.3924241,0.37209883,0.3883169,0.05778513,0.064286046,0.45043388,0.18451151,0.37522107,0.07992448,0.9718995,0.9897478,0.044686496,0.04754093,0.19376543,0.133389,0.062025297,0.20573692,0.14303458,0.6865308,0.33559355,0.42254272,0.114402965,0.06462667,0.46478528,0.21651916,0.5367748,0.2305493,-4.8097506,69.10464,52.96826,14.516344,-13.634753,2.1694934,2.9766393,99.12602,-5.0635977,-2.4859264,59.12126537785589,56.555360281195085,72.46045694200352,61.37082601054482,63.44463971880493,65.83479789103691,22.601054481546576,74.30579964850615,47.59226713532514,25.869947275922673,37.188049209138846,65.51845342706503,32.09138840070299,64.4639718804921,71.07205623901582,80.597539543058,93.88400702987698,85.27240773286468,33.145869947275926,53.21616871704746,50.43936731107206,66.46748681898067,85.48330404217927,44.25307557117751,93.91915641476275,39.64850615114236,81.93321616871705,75.18453427065027,80.597539543058,79.96485061511424,79.68365553602813,84.14762741652022,91.63444639718806,43.16344463971881,70.36906854130054,78.76977152899825,87.80316344463972,77.18804920913885,86.39718804920915,85.94024604569421,51.91564147627417,45.09666080843586,58.48857644991213,74.30579964850615,70.7908611599297,48.189806678383135,43.93673110720563,32.829525483304046,79.15641476274166,87.1353251318102,13.42706502636204,13.321616871704746,0.907162,0.652635,0.808030,0.582333,1,DILI_ge_0.50,0.677998,24,true,24
575,FXIA-GEN-022398,0045,reinvent_denovo,-7.77239,0.9451443553,6.5656275749,6.2054657936,374.788,114.91,1.862,2.0,7.0,6.0,0.0,2.681,0.0,0.168,0.172,PLVBEHWREJDWQR-UHFFFAOYSA-N,COc1cc(OC)c(C(=O)NCc2nccnc2-c2ncn[nH]2)cc1Cl,COc1cc(OC)c(C(=O)NCc2nccnc2-c2ncn[nH]2)cc1Cl,COc1cc(OC)c(C(=O)NCc2nccnc2-c2ncn[nH]2)cc1Cl,results/docking/gnina_7mbo/all_filtered_gpu_cnnfast/poses/fxia_filtered_all_chunk_0045_gnina_poses.sdf,COc1cc(OC)c(C(=O)NCc2nccnc2-c2ncn[nH]2)cc1Cl,O=C(NCc1nccnc1-c1ncn[nH]1)c1ccccc1,CC(CCC1CCCCC1C1CCCC1)C1CCCCC1,ok,true,ok,414,true,false,415,,COc1cc(OC)c(C(=O)NCc2nccnc2-c2ncn[nH]2)cc1Cl,575,reinvent_denovo,0.9451443553,6.5656275749,-7.77239,374.788,114.91,1.862,2.0,7.0,6.0,0.0,2.681,0.0,0.168,0.172,O=C(NCc1nccnc1-c1ncn[nH]1)c1ccccc1,CC(CCC1CCCCC1C1CCCC1)C1CCCCC1,414,True,ok,PLVBEHWREJDWQR-UHFFFAOYSA-N,COc1cc(OC)c(C(=O)NCc2nccnc2-c2ncn[nH]2)cc1Cl,results/docking/gnina_7mbo/all_filtered_gpu_cnnfast/poses/fxia_filtered_all_chunk_0045_gnina_poses.sdf,374.788,1.8622999999999996,7,2,4.0,0.676176453026632,0,0,0,0,0.04505098,0.617519,0.95126545,0.3954516,0.20010848,0.2056373,0.12196739,0.036069937,0.0050905766,0.51988935,0.5065561,0.14054021,0.060643114,0.99035376,0.99999666,0.00040537253,0.0028105509,0.13428068,0.039931983,0.0009880199,0.017292555,0.00023026287,0.86335343,0.0060270475,0.046223916,0.006251815,0.0065591633,0.0044978242,0.0050741113,0.044188276,0.15668757,-5.274138,41.92218,34.532154,7.4890594,-17.823177,2.1593797,1.5081933,82.67592,-3.7682476,3.5210037,59.613356766256594,42.39015817223199,79.85940246045695,61.37082601054482,63.44463971880493,71.14235500878735,22.601054481546576,76.09841827768015,47.59226713532514,25.869947275922673,37.188049209138846,12.126537785588754,41.54657293497364,96.09841827768015,77.01230228471002,65.09666080843586,71.17750439367312,68.54130052724078,25.06151142355009,15.887521968365554,58.03163444639719,82.81195079086116,43.198594024604574,36.73110720562391,98.13708260105449,95.00878734622145,1.8629173989455186,2.4253075571177507,75.7469244288225,59.89455184534271,2.249560632688928,1.1599297012302285,7.803163444639719,59.29701230228471,28.64674868189807,25.27240773286468,42.03866432337434,32.75922671353251,27.662565905096663,20.45694200351494,0.8084358523725835,38.066783831282955,31.915641476274168,58.48857644991213,57.60984182776802,35.36028119507909,22.42530755711775,32.23198594024605,53.5676625659051,58.734622144112485,36.90685413005273,66.08084358523726,0.789545,0.737856,0.815756,0.641333,1,DILI_ge_0.50,0.677980,25,true,25
566,FXIA-GEN-028806,0058,reinvent_denovo,-8.38821,0.9454892874,6.8388609886,6.4660696983,395.362,81.06,3.027,1.0,4.0,4.0,0.0,2.611,0.0,0.16,0.218,UHSWHQLSHMICDQ-UHFFFAOYSA-N,CS(=O)(=O)n1cc(-c2c(F)cccc2NC(=O)c2cc(F)cc(F)c2)cn1,CS(=O)(=O)n1cc(-c2c(F)cccc2NC(=O)c2cc(F)cc(F)c2)cn1,CS(=O)(=O)n1cc(-c2c(F)cccc2NC(=O)c2cc(F)cc(F)c2)cn1,results/docking/gnina_7mbo/all_filtered_gpu_cnnfast/poses/fxia_filtered_all_chunk_0058_gnina_poses.sdf,CS(=O)(=O)n1cc(-c2c(F)cccc2NC(=O)c2cc(F)cc(F)c2)cn1,O=C(Nc1ccccc1-c1cn[nH]c1)c1ccccc1,CC(CC1CCCCC1C1CCCC1)C1CCCCC1,ok,true,ok,405,true,false,406,,CS(=O)(=O)n1cc(-c2c(F)cccc2NC(=O)c2cc(F)cc(F)c2)cn1,566,reinvent_denovo,0.9454892874,6.8388609886,-8.38821,395.362,81.06,3.027,1.0,4.0,4.0,0.0,2.611,0.0,0.16,0.218,O=C(Nc1ccccc1-c1cn[nH]c1)c1ccccc1,CC(CC1CCCCC1C1CCCC1)C1CCCCC1,405,True,ok,UHSWHQLSHMICDQ-UHFFFAOYSA-N,CS(=O)(=O)n1cc(-c2c(F)cccc2NC(=O)c2cc(F)cc(F)c2)cn1,results/docking/gnina_7mbo/all_filtered_gpu_cnnfast/poses/fxia_filtered_all_chunk_0058_gnina_poses.sdf,395.3620000000001,3.027400000000001,4,1,4.0,0.7364181299095607,0,0,0,0,0.1688606,0.8062884,0.95595187,0.6618835,0.26465577,0.60520256,0.38434434,0.15180853,0.026147688,0.5373605,0.16576417,0.4734904,0.067461416,0.9926506,0.999683,0.007867239,0.022740612,0.2079536,0.036798663,0.006494892,0.08090784,0.014589189,0.9018054,0.20062704,0.17909184,0.02127857,0.009071546,0.1384122,0.039727237,0.27995753,0.23559876,-4.508428,34.627296,28.96017,44.087597,-11.686507,2.6912868,2.5625596,91.48097,-4.574272,-0.014397526,64.60456942003516,61.58172231985941,48.55887521968366,36.59050966608085,63.44463971880493,80.31634446397189,22.601054481546576,55.21968365553603,47.59226713532514,25.869947275922673,37.188049209138846,41.019332161687174,57.750439367311074,97.29349736379615,86.29173989455185,71.31810193321617,99.68365553602813,85.16695957820738,60.84358523725835,39.57820738137083,59.789103690685415,65.06151142355009,92.23198594024605,39.68365553602812,98.66432337434095,66.0456942003515,40.84358523725835,45.48330404217926,81.54657293497364,58.80492091388401,23.90158172231986,45.97539543057997,63.79613356766257,65.62390158172232,62.24956063268893,58.80492091388401,65.3427065026362,39.26186291739895,68.54130052724078,56.06326889279438,18.840070298769774,45.48330404217926,81.44112478031636,52.72407732864675,53.35676625659051,78.34797891036908,57.469244288224964,65.30755711775045,72.23198594024605,72.05623901581723,21.23022847100176,34.90333919156415,0.826978,0.706240,0.830100,0.604222,1,DILI_ge_0.50,0.676875,26,true,26
539,FXIA-GEN-027113,0055,reinvent_denovo,-9.12933,0.9467138648,6.4247031212,6.0823554993,434.311,70.0,4.324,2.0,5.0,3.0,0.0,3.978,0.0,0.114,0.126,SMBRYHMUTPQRGE-UHFFFAOYSA-N,COc1ccc2c(c1)SC1C(C(=O)O)C(c3ccc(O)c(Br)c3)N1C=C2,COc1ccc2c(c1)SC1C(C(=O)O)C(c3ccc(O)c(Br)c3)N1C=C2,COc1ccc2c(c1)SC1C(C(=O)O)C(c3ccc(O)c(Br)c3)N1C=C2,results/docking/gnina_7mbo/all_filtered_gpu_cnnfast/poses/fxia_filtered_all_chunk_0055_gnina_poses.sdf,COc1ccc2c(c1)SC1C(C(=O)O)C(c3ccc(O)c(Br)c3)N1C=C2,C1=CN2C(CC2c2ccccc2)Sc2ccccc21,C1CCC(C2CC3CC4CCCCC4CCC32)CC1,ok,true,ok,385,true,false,386,,COc1ccc2c(c1)SC1C(C(=O)O)C(c3ccc(O)c(Br)c3)N1C=C2,539,reinvent_denovo,0.9467138648,6.4247031212,-9.12933,434.311,70.0,4.324,2.0,5.0,3.0,0.0,3.978,0.0,0.114,0.126,C1=CN2C(CC2c2ccccc2)Sc2ccccc21,C1CCC(C2CC3CC4CCCCC4CCC32)CC1,385,True,ok,SMBRYHMUTPQRGE-UHFFFAOYSA-N,COc1ccc2c(c1)SC1C(C(=O)O)C(c3ccc(O)c(Br)c3)N1C=C2,results/docking/gnina_7mbo/all_filtered_gpu_cnnfast/poses/fxia_filtered_all_chunk_0055_gnina_poses.sdf,434.31100000000004,4.323500000000003,5,2,4.0,0.7500824476783111,3,0,0,0,0.15172692,0.089791335,0.73819226,0.20267601,0.48271185,0.23515305,0.54486567,0.025779257,0.08507743,0.42016143,0.22542989,0.29038864,0.10129446,0.88335574,0.9395779,0.010133294,0.029890046,0.21174729,0.1274895,0.15745029,0.2768217,0.19621184,0.3386392,0.22010413,0.38440788,0.103506245,0.110837065,0.5317038,0.21551025,0.41267586,0.30893788,-5.537932,19.544188,14.228601,-6.475029,-17.215008,2.7136865,0.70410645,94.79645,-3.6805644,-1.8254532,72.93497363796135,81.6871704745167,61.880492091388405,61.37082601054482,63.44463971880493,82.21441124780317,76.60808435852373,46.67838312829526,47.59226713532514,25.869947275922673,37.188049209138846,38.34797891036907,7.135325131810194,38.91036906854131,66.01054481546574,84.3585237258348,77.01230228471002,91.28295254833041,20.77328646748682,57.328646748681905,47.94376098418278,69.34973637961336,75.53602811950792,51.21265377855888,80.28119507908612,29.701230228471005,47.76801405975396,56.344463971880494,81.82776801405976,79.33216168717048,91.59929701230229,89.24428822495607,94.37609841827769,27.662565905096663,63.514938488576455,77.04745166959579,86.36203866432338,85.37785588752197,89.10369068541301,85.90509666080844,35.782073813708266,51.00175746924429,22.987697715289986,36.69595782073814,38.523725834797894,11.739894551845344,24.56942003514939,66.74868189806679,41.511423550087876,78.31282952548331,38.76977152899825,18.910369068541304,0.873159,0.619378,0.833353,0.747333,1,DILI_ge_0.50,0.673093,27,true,27
238,FXIA-GEN-010418,0021,reinvent_denovo,-7.95347,0.9618535042,6.1999621391,5.9634552002,378.812,104.73,2.909,3.0,4.0,5.0,0.0,2.95,0.0,0.125,0.184,HQGMGNIAAYBSPJ-UHFFFAOYSA-N,O=C(O)CC1=C(C(=O)OC2CCCC2)C(c2ccccc2Cl)NC(=O)N1,O=C(O)CC1=C(C(=O)OC2CCCC2)C(c2ccccc2Cl)NC(=O)N1,O=C(O)CC1=C(C(=O)OC2CCCC2)C(c2ccccc2Cl)NC(=O)N1,results/docking/gnina_7mbo/all_filtered_gpu_cnnfast/poses/fxia_filtered_all_chunk_0021_gnina_poses.sdf,O=C(O)CC1=C(C(=O)OC2CCCC2)C(c2ccccc2Cl)NC(=O)N1,O=C1NC=C(C(=O)OC2CCCC2)C(c2ccccc2)N1,CC1CCC(C(C)CC2CCCC2)C(C2CCCCC2)C1,ok,true,ok,171,true,false,171,,O=C(O)CC1=C(C(=O)OC2CCCC2)C(c2ccccc2Cl)NC(=O)N1,238,reinvent_denovo,0.9618535042,6.1999621391,-7.95347,378.812,104.72999999999999,2.909,3.0,4.0,5.0,0.0,2.95,0.0,0.125,0.184,O=C1NC=C(C(=O)OC2CCCC2)C(c2ccccc2)N1,CC1CCC(C(C)CC2CCCC2)C(C2CCCCC2)C1,171,True,ok,HQGMGNIAAYBSPJ-UHFFFAOYSA-N,O=C(O)CC1=C(C(=O)OC2CCCC2)C(c2ccccc2Cl)NC(=O)N1,results/docking/gnina_7mbo/all_filtered_gpu_cnnfast/poses/fxia_filtered_all_chunk_0021_gnina_poses.sdf,378.81199999999995,2.908500000000001,4,3,4.0,0.6831250437326801,1,0,0,0,0.12006974,0.31366622,0.78428364,0.06661235,0.4142396,0.36655742,0.41608852,0.038927205,0.05435413,0.49149626,0.17277281,0.36761445,0.07945398,0.85424995,0.9392761,0.029289644,0.031176087,0.034751352,0.10099584,0.08229383,0.15851721,0.442619,0.47045296,0.27726638,0.4022224,0.07407761,0.103842296,0.2524754,0.19787851,0.4571312,0.20397897,-5.1274757,19.367458,16.761292,-4.843825,-13.710426,2.5191808,0.4548563,93.23065,-3.4567986,-1.9740326,60.456942003514946,60.00000000000001,48.55887521968366,78.20738137082601,63.44463971880493,72.44288224956064,55.32513181019333,70.7908611599297,47.59226713532514,25.869947275922673,37.188049209138846,32.02108963093146,20.035149384885766,47.48681898066784,50.12302284710018,81.792618629174,93.46221441124781,86.29173989455185,26.045694200351495,50.50966608084359,54.93848857644992,65.58875219683657,84.63971880492092,43.93673110720563,76.97715289982426,29.666080843585238,74.79789103690686,58.24253075571178,57.11775043936731,75.21968365553603,83.9718804920914,77.04745166959579,98.84007029876977,32.79437609841828,67.48681898066785,77.85588752196837,82.03866432337435,84.49912126537787,76.90685413005274,84.60456942003516,41.37082601054482,42.81195079086116,39.40246045694201,36.59050966608085,40.80843585237259,14.13005272407733,43.30404217926187,54.86818980667839,37.53954305799649,75.04393673110721,43.09314586994728,17.574692442882252,0.823803,0.680195,0.817411,0.677111,1,DILI_ge_0.50,0.670732,29,true,28
37,FXIA-GEN-003200,0007,reinvent_denovo,-8.3241,0.9807139039,6.8310866356,6.699341774,412.442,113.96,2.129,3.0,5.0,8.0,0.0,2.996,0.0,0.132,0.167,CBPNHLHVYQPSER-UHFFFAOYSA-N,COCC(NC(=O)OCC1c2ccccc2-c2ccccc21)C(=O)NC(C)C(=O)O,COCC(NC(=O)OCC1c2ccccc2-c2ccccc21)C(=O)NC(C)C(=O)O,COCC(NC(=O)OCC1c2ccccc2-c2ccccc21)C(=O)NC(C)C(=O)O,results/docking/gnina_7mbo/all_filtered_gpu_cnnfast/poses/fxia_filtered_all_chunk_0007_gnina_poses.sdf,COCC(NC(=O)OCC1c2ccccc2-c2ccccc21)C(=O)NC(C)C(=O)O,c1ccc2c(c1)Cc1ccccc1-2,C1CCC2C(C1)CC1CCCCC12,ok,true,ok,29,true,false,29,,COCC(NC(=O)OCC1c2ccccc2-c2ccccc21)C(=O)NC(C)C(=O)O,37,reinvent_denovo,0.9807139039,6.8310866356,-8.3241,412.442,113.96,2.129,3.0,5.0,8.0,0.0,2.996,0.0,0.132,0.167,c1ccc2c(c1)Cc1ccccc1-2,C1CCC2C(C1)CC1CCCCC12,29,True,ok,CBPNHLHVYQPSER-UHFFFAOYSA-N,COCC(NC(=O)OCC1c2ccccc2-c2ccccc21)C(=O)NC(C)C(=O)O,results/docking/gnina_7mbo/all_filtered_gpu_cnnfast/poses/fxia_filtered_all_chunk_0007_gnina_poses.sdf,412.4420000000001,2.1294,5,3,4.0,0.6120942908258695,2,0,0,0,0.15748997,0.43865484,0.83012664,0.10457758,0.33243418,0.42595068,0.27536148,0.06916952,0.0780157,0.38930303,0.1751334,0.4743901,0.23797032,0.8155569,0.8635893,0.022011485,0.04654286,0.0781835,0.02844358,0.033981953,0.1269838,0.10991806,0.28969002,0.13189243,0.15173319,0.037950505,0.022801746,0.021474708,0.059967183,0.41442576,0.2546434,-5.5405784,-4.20971,-2.892226,0.23853588,-15.893799,2.7160535,-0.1941657,84.97401,-2.6743274,-4.096961,68.2249560632689,46.60808435852373,61.880492091388405,78.20738137082601,63.44463971880493,61.546572934973646,69.84182776801407,75.78207381370827,47.59226713532514,25.869947275922673,37.188049209138846,39.156414762741655,28.26010544815466,58.066783831282955,56.30931458699473,76.16871704745168,96.06326889279438,79.89455184534272,37.08260105448155,55.922671353251324,44.99121265377856,65.65905096660809,92.26713532513182,73.95430579964851,73.91915641476275,24.56942003514939,68.57644991212655,74.41124780316345,68.64674868189807,54.93848857644992,66.32688927943761,68.57644991212655,89.13884007029878,25.869947275922673,56.27416520210897,54.833040421792624,73.42706502636204,57.53954305799649,43.62038664323375,63.30404217926187,36.13356766256591,46.85413005272408,22.917398945518457,12.231985940246046,21.370826010544818,22.776801405975398,30.052724077328648,66.95957820738138,27.48681898066784,61.26537785588753,58.17223198594025,5.62390158172232,0.872445,0.639838,0.800499,0.686333,1,DILI_ge_0.50,0.669999,30,true,29
568,FXIA-GEN-033117,0067,reinvent_denovo,-7.69055,0.9454222918,6.3158736229,5.9711675644,356.209,73.22,2.896,1.0,4.0,5.0,0.0,2.216,0.0,0.253,0.267,XBDQMXXMEKKUOK-UHFFFAOYSA-N,COc1cc(Cl)ccc1NC(=O)CCn1cnc(C)c(Cl)c1=O,COc1cc(Cl)ccc1NC(=O)CCn1cnc(C)c(Cl)c1=O,COc1cc(Cl)ccc1NC(=O)CCn1cnc(C)c(Cl)c1=O,results/docking/gnina_7mbo/all_filtered_gpu_cnnfast/poses/fxia_filtered_all_chunk_0067_gnina_poses.sdf,COc1cc(Cl)ccc1NC(=O)CCn1cnc(C)c(Cl)c1=O,O=C(CCn1cnccc1=O)Nc1ccccc1,CC(CCC1CCCCC1C)CC1CCCCC1,ok,true,ok,407,true,false,408,,COc1cc(Cl)ccc1NC(=O)CCn1cnc(C)c(Cl)c1=O,568,reinvent_denovo,0.9454222918,6.3158736229,-7.69055,356.209,73.22,2.896,1.0,4.0,5.0,0.0,2.216,0.0,0.253,0.267,O=C(CCn1cnccc1=O)Nc1ccccc1,CC(CCC1CCCCC1C)CC1CCCCC1,407,True,ok,XBDQMXXMEKKUOK-UHFFFAOYSA-N,COc1cc(Cl)ccc1NC(=O)CCn1cnc(C)c(Cl)c1=O,results/docking/gnina_7mbo/all_filtered_gpu_cnnfast/poses/fxia_filtered_all_chunk_0067_gnina_poses.sdf,356.2090000000001,2.895920000000001,4,1,4.0,0.8941791855069008,0,0,0,0,0.13625275,0.883403,0.90624696,0.4375657,0.42943367,0.33964628,0.2332716,0.17340818,0.04600572,0.6190984,0.3983173,0.14124063,0.099529564,0.8788148,0.9999175,0.009807999,0.027687985,0.16842274,0.05062125,0.0061976416,0.058277525,0.011131217,0.9451332,0.15379047,0.1324503,0.029809311,0.021468852,0.03308788,0.03590704,0.28038242,0.3234299,-4.5646772,79.71665,48.508682,16.77576,-12.3622,2.1850665,2.2827315,83.46687,-3.7014866,3.3693519,54.86818980667839,59.75395430579965,48.55887521968366,36.59050966608085,63.44463971880493,98.76977152899825,22.601054481546576,49.10369068541301,47.59226713532514,25.869947275922673,37.188049209138846,35.39543057996485,66.39718804920915,81.33567662565906,78.87521968365554,82.53075571177506,91.493848857645,77.68014059753955,64.32337434094904,47.838312829525485,69.701230228471,78.73462214411248,43.514938488576455,50.57996485061512,79.7188049209139,75.39543057996485,46.924428822495614,52.970123022847105,78.84007029876977,63.72583479789104,23.02284710017575,28.998242530755714,59.71880492091389,76.97715289982426,58.48857644991213,51.31810193321618,69.87697715289983,56.555360281195085,49.17398945518454,53.88400702987698,18.875219683655537,52.16168717047452,76.80140597539544,79.57820738137083,67.59226713532514,52.513181019332166,51.84534270650264,33.5676625659051,67.24077328646749,59.68365553602813,38.34797891036907,65.3427065026362,0.785024,0.750244,0.857143,0.451889,1,DILI_ge_0.50,0.668616,31,true,30
279,FXIA-GEN-005538,0012,reinvent_denovo,-7.8781,0.9590178728,6.027993679,5.7809538841,401.438,90.9,2.371,3.0,5.0,5.0,0.0,2.828,0.0,0.148,0.219,DOKMORHKBBGDII-UHFFFAOYSA-N,CC(C)NC(=O)c1ccc(F)cc1NC(=O)c1cccc(N2CCOCC2O)c1,CC(C)NC(=O)c1ccc(F)cc1NC(=O)c1cccc(N2CCOCC2O)c1,CC(C)NC(=O)c1ccc(F)cc1NC(=O)c1cccc(N2CCOCC2O)c1,results/docking/gnina_7mbo/all_filtered_gpu_cnnfast/poses/fxia_filtered_all_chunk_0012_gnina_poses.sdf,CC(C)NC(=O)c1ccc(F)cc1NC(=O)c1cccc(N2CCOCC2O)c1,O=C(Nc1ccccc1)c1cccc(N2CCOCC2)c1,CC(CC1CCCCC1)C1CCCC(C2CCCCC2)C1,ok,true,ok,199,true,false,199,,CC(C)NC(=O)c1ccc(F)cc1NC(=O)c1cccc(N2CCOCC2O)c1,279,reinvent_denovo,0.9590178728,6.027993679,-7.8781,401.438,90.9,2.371,3.0,5.0,5.0,0.0,2.828,0.0,0.148,0.219,O=C(Nc1ccccc1)c1cccc(N2CCOCC2)c1,CC(CC1CCCCC1)C1CCCC(C2CCCCC2)C1,199,True,ok,DOKMORHKBBGDII-UHFFFAOYSA-N,CC(C)NC(=O)c1ccc(F)cc1NC(=O)c1cccc(N2CCOCC2O)c1,results/docking/gnina_7mbo/all_filtered_gpu_cnnfast/poses/fxia_filtered_all_chunk_0012_gnina_poses.sdf,401.43800000000016,2.371200000000001,5,3,4.0,0.715681816611322,1,0,0,0,0.11534996,0.4860267,0.9100463,0.16008884,0.4863587,0.38492098,0.45754233,0.1047169,0.04053244,0.54280984,0.18997274,0.18128113,0.14787917,0.95549786,0.99844825,0.014382246,0.03955133,0.23771122,0.14078335,0.04064992,0.17575192,0.06551636,0.75880206,0.47015008,0.2786617,0.07280804,0.024282705,0.40714288,0.11408059,0.16478515,0.4401354,-4.9325175,28.877285,13.740878,47.918816,-17.35839,2.1870446,2.033347,77.751785,-4.1342745,9.103591,65.65905096660809,50.12302284710018,61.880492091388405,78.20738137082601,63.44463971880493,77.15289982425308,55.32513181019333,61.9859402460457,47.59226713532514,25.869947275922673,37.188049209138846,31.247803163444644,31.810193321616875,82.67135325131811,62.425307557117755,84.49912126537787,94.55184534270651,88.33040421792619,48.611599297012305,45.97539543057997,60.281195079086125,66.85413005272409,54.27065026362039,61.72231985940247,91.03690685413007,52.40773286467487,57.85588752196837,68.75219683655537,83.69068541300528,80.84358523725835,70.72056239015818,80.17574692442884,83.30404217926187,48.154657293497365,76.62565905096662,69.10369068541301,81.72231985940246,58.34797891036907,84.04217926186293,75.11423550087873,8.541300527240773,59.824253075571185,50.22847100175748,47.31107205623902,37.89103690685413,80.38664323374341,24.077328646748683,33.708260105448154,63.198594024604574,53.70826010544816,29.420035149384887,87.87346221441126,0.815311,0.692826,0.825162,0.616556,1,DILI_ge_0.50,0.667919,32,true,31
140,FXIA-GEN-008126,0017,reinvent_denovo,-8.69446,0.9688370824,7.4576039314,7.2252030373,366.388,108.92,3.381,2.0,6.0,4.0,0.0,2.403,0.0,0.079,0.143,GFOSLCYMVIKVRE-UHFFFAOYSA-N,c1ccc(-c2c(-c3nn[nH]n3)cccc2-c2ccccc2-c2nn[nH]n2)cc1,c1ccc(-c2c(-c3nn[nH]n3)cccc2-c2ccccc2-c2nn[nH]n2)cc1,c1ccc(-c2c(-c3nn[nH]n3)cccc2-c2ccccc2-c2nn[nH]n2)cc1,results/docking/gnina_7mbo/all_filtered_gpu_cnnfast/poses/fxia_filtered_all_chunk_0017_gnina_poses.sdf,c1ccc(-c2c(-c3nn[nH]n3)cccc2-c2ccccc2-c2nn[nH]n2)cc1,c1ccc(-c2c(-c3nn[nH]n3)cccc2-c2ccccc2-c2nn[nH]n2)cc1,C1CCC(C2C(C3CCCC3)CCCC2C2CCCCC2C2CCCC2)CC1,ok,true,ok,98,true,false,98,,c1ccc(-c2c(-c3nn[nH]n3)cccc2-c2ccccc2-c2nn[nH]n2)cc1,140,reinvent_denovo,0.9688370824,7.4576039314,-8.69446,366.388,108.92,3.381,2.0,6.0,4.0,0.0,2.403,0.0,0.079,0.143,c1ccc(-c2c(-c3nn[nH]n3)cccc2-c2ccccc2-c2nn[nH]n2)cc1,C1CCC(C2C(C3CCCC3)CCCC2C2CCCCC2C2CCCC2)CC1,98,True,ok,GFOSLCYMVIKVRE-UHFFFAOYSA-N,c1ccc(-c2c(-c3nn[nH]n3)cccc2-c2ccccc2-c2nn[nH]n2)cc1,results/docking/gnina_7mbo/all_filtered_gpu_cnnfast/poses/fxia_filtered_all_chunk_0017_gnina_poses.sdf,366.3880000000001,3.3808000000000007,6,2,4.0,0.5045873991358455,0,0,0,0,0.14377071,0.42930454,0.8218616,0.066425025,0.48025456,0.27506465,0.46505532,0.016743403,0.035661075,0.36855614,0.27575803,0.27303624,0.09269808,0.98693717,0.9985865,0.0060462537,0.011274217,0.08034442,0.1705083,0.017690115,0.09337673,0.05431071,0.42896444,0.24173573,0.30433637,0.05049465,0.041740336,0.1841764,0.08786918,0.17469336,0.22849055,-5.6194553,12.280577,5.0569854,31.79772,-18.956787,2.0837152,-0.24867015,100.92488,-5.1286836,-9.780101,57.469244288224964,67.02987697715291,72.46045694200352,61.37082601054482,63.44463971880493,46.99472759226714,22.601054481546576,73.21616871704745,47.59226713532514,25.869947275922673,37.188049209138846,36.69595782073814,27.768014059753956,55.7469244288225,50.12302284710018,84.21792618629175,83.8664323374341,88.7170474516696,16.133567662565905,44.00702987697716,43.16344463971881,72.58347978910369,73.04042179261863,48.7170474516696,97.46924428822497,53.427065026362044,32.86467486818981,21.370826010544818,68.8224956063269,83.79613356766258,51.21265377855888,53.32161687170475,81.12478031634447,31.142355008787348,64.99121265377856,70.75571177504395,77.78558875219684,68.50615114235501,72.72407732864676,70.896309314587,9.068541300527242,44.99121265377856,21.195079086115996,28.119507908611602,28.927943760984185,69.73637961335677,18.769771528998245,27.55711775043937,26.643233743409493,90.50966608084359,12.513181019332162,0.6678383128295255,0.878040,0.611487,0.774902,0.769222,1,DILI_ge_0.50,0.665066,33,true,32
447,FXIA-GEN-003041,0007,reinvent_denovo,-7.11206,0.9505401254,6.3113474846,5.9991889,369.487,78.95,1.063,1.0,5.0,8.0,0.0,2.094,0.0,0.126,0.172,BZEHTVLRIGBTIT-UHFFFAOYSA-N,COc1cccc(N(CC(=O)NCCN2CCCCC2)S(C)(=O)=O)c1,COc1cccc(N(CC(=O)NCCN2CCCCC2)S(C)(=O)=O)c1,COc1cccc(N(CC(=O)NCCN2CCCCC2)S(C)(=O)=O)c1,results/docking/gnina_7mbo/all_filtered_gpu_cnnfast/poses/fxia_filtered_all_chunk_0007_gnina_poses.sdf,COc1cccc(N(CC(=O)NCCN2CCCCC2)S(C)(=O)=O)c1,O=C(CNc1ccccc1)NCCN1CCCCC1,CC(CCCC1CCCCC1)CCC1CCCCC1,ok,true,ok,320,true,false,320,,COc1cccc(N(CC(=O)NCCN2CCCCC2)S(C)(=O)=O)c1,447,reinvent_denovo,0.9505401254,6.3113474846,-7.11206,369.487,78.95,1.063,1.0,5.0,8.0,0.0,2.094,0.0,0.126,0.172,O=C(CNc1ccccc1)NCCN1CCCCC1,CC(CCCC1CCCCC1)CCC1CCCCC1,320,True,ok,BZEHTVLRIGBTIT-UHFFFAOYSA-N,COc1cccc(N(CC(=O)NCCN2CCCCC2)S(C)(=O)=O)c1,results/docking/gnina_7mbo/all_filtered_gpu_cnnfast/poses/fxia_filtered_all_chunk_0007_gnina_poses.sdf,369.4870000000001,1.0633,5,1,4.0,0.7413532986808993,0,0,0,0,0.43864536,0.9354784,0.7046831,0.025231745,0.15802518,0.121991396,0.022452956,0.32917365,0.65980685,0.56965005,0.3198399,0.23815899,0.47209376,0.16418543,0.9988829,0.010795454,0.023775937,0.016241927,0.01258606,0.008591696,0.07500593,0.0016979774,0.82130927,0.20740445,0.101623915,0.0030939255,0.014994202,0.009455209,0.017554112,0.71378785,0.87490594,-4.7393866,49.07857,22.307446,-11.744676,-12.293479,1.9696853,-0.09350431,39.60492,-1.7605879,-3.7547188,58.31282952548331,32.30228471001758,61.880492091388405,36.59050966608085,63.44463971880493,81.0896309314587,22.601054481546576,53.49736379613357,47.59226713532514,25.869947275922673,37.188049209138846,73.49736379613357,74.97363796133568,33.98945518453427,39.36731107205624,60.562390158172235,46.151142355008794,43.09314586994728,78.73462214411248,88.99824253075572,63.65553602811951,75.1493848857645,66.5377855887522,90.93145869947277,30.017574692442885,55.57117750439368,49.3145869947276,47.416520210896316,46.50263620386644,43.58523725834798,31.142355008787348,42.53075571177505,25.342706502636204,53.81370826010545,62.882249560632694,44.71001757469244,30.579964850615116,48.787346221441126,35.289982425307564,39.19156414762742,74.41124780316345,84.60456942003516,63.79613356766257,63.198594024604574,46.99472759226714,6.362038664323375,52.61862917398946,22.144112478031637,29.138840070298773,20.316344463971884,74.37609841827769,6.537785588752198,0.757480,0.713367,0.831275,0.688000,1,hERG_ge_0.50,0.663956,34,true,33
508,FXIA-GEN-037495,0075,linkinvent,-8.16828,0.9480808377,6.4075961113,6.0749192238,373.453,85.87,1.347,2.0,6.0,7.0,0.0,2.402,0.0,0.114,0.314,ZWSVXUWWTWFTMG-UHFFFAOYSA-N,CN1CCN(CCCC(=O)OCCc2ccc3[nH]c(=O)cc(O)c3c2)CC1,CN1CCN(CCCC(=O)OCCc2ccc3[nH]c(=O)cc(O)c3c2)CC1,CN1CCN(CCCC(=O)OCCc2ccc3[nH]c(=O)cc(O)c3c2)CC1,results/docking/gnina_7mbo/all_filtered_gpu_cnnfast/poses/fxia_filtered_all_chunk_0075_gnina_poses.sdf,CN1CCN(CCCC(=O)OCCc2ccc3[nH]c(=O)cc(O)c3c2)CC1,O=C(CCCN1CCNCC1)OCCc1ccc2[nH]c(=O)ccc2c1,CC(CCCC1CCCCC1)CCCC1CCC2CC(C)CCC2C1,ok,true,ok,363,true,false,363,,CN1CCN(CCCC(=O)OCCc2ccc3[nH]c(=O)cc(O)c3c2)CC1,508,linkinvent,0.9480808377,6.4075961113,-8.16828,373.453,85.87,1.347,2.0,6.0,7.0,0.0,2.402,0.0,0.114,0.314,O=C(CCCN1CCNCC1)OCCc1ccc2[nH]c(=O)ccc2c1,CC(CCCC1CCCCC1)CCCC1CCC2CC(C)CCC2C1,363,True,ok,ZWSVXUWWTWFTMG-UHFFFAOYSA-N,CN1CCN(CCCC(=O)OCCc2ccc3[nH]c(=O)cc(O)c3c2)CC1,results/docking/gnina_7mbo/all_filtered_gpu_cnnfast/poses/fxia_filtered_all_chunk_0075_gnina_poses.sdf,373.45300000000015,1.346999999999999,6,2,4.0,0.7127972646641468,0,0,0,0,0.40345058,0.82575285,0.7052208,0.08175115,0.053552043,0.06768806,0.019438524,0.41585803,0.24158707,0.31917167,0.06122879,0.09256881,0.3956973,0.20153816,0.95611507,0.029028725,0.07985993,0.09767048,0.008805031,0.024940234,0.14149581,0.0016549071,0.58413535,0.120531514,0.053483438,0.0155673,0.0047611934,0.016295861,0.023571162,0.57182,0.7079189,-5.2226453,65.82969,34.898064,-8.595674,-18.35198,1.9643152,0.5828439,62.265614,-3.075176,5.151738,59.43760984182777,35.922671353251324,72.46045694200352,61.37082601054482,63.44463971880493,76.94200351493849,22.601054481546576,58.48857644991213,47.59226713532514,25.869947275922673,37.188049209138846,70.57996485061513,60.105448154657296,34.13005272407733,52.75922671353252,41.019332161687174,27.346221441124783,40.84358523725835,83.2688927943761,73.95430579964851,39.156414762741655,52.09138840070299,27.838312829525485,86.01054481546574,34.62214411247803,31.3884007029877,74.6572934973638,87.97891036906854,70.86115992970123,38.10193321616872,59.472759226713535,72.47803163444641,24.99121265377856,37.609841827768015,55.11423550087874,29.033391915641477,60.07029876977153,27.065026362038665,40.28119507908612,45.237258347978916,56.555360281195085,72.40773286467487,34.55184534270651,72.89982425307558,57.99648506151143,9.138840070298771,20.632688927943764,21.757469244288227,39.96485061511424,38.277680140597546,51.35325131810194,74.97363796133568,0.817410,0.695061,0.824476,0.559333,1,hERG_ge_0.50,0.663723,35,true,34
383,FXIA-GEN-027535,0056,reinvent_denovo,-8.36064,0.9535069466,5.7338209152,5.4672379494,358.369,84.5,3.358,2.0,4.0,6.0,0.0,2.169,0.0,0.213,0.253,STERFWXUQSXSEG-UHFFFAOYSA-N,CCC(=O)Nc1ccc(C(=O)OC(C)C(=O)Nc2ccc(F)cc2)cc1,CCC(=O)Nc1ccc(C(=O)OC(C)C(=O)Nc2ccc(F)cc2)cc1,CCC(=O)Nc1ccc(C(=O)OC(C)C(=O)Nc2ccc(F)cc2)cc1,results/docking/gnina_7mbo/all_filtered_gpu_cnnfast/poses/fxia_filtered_all_chunk_0056_gnina_poses.sdf,CCC(=O)Nc1ccc(C(=O)OC(C)C(=O)Nc2ccc(F)cc2)cc1,O=C(COC(=O)c1ccccc1)Nc1ccccc1,CC(CCC(C)C1CCCCC1)CC1CCCCC1,ok,true,ok,276,true,false,276,,CCC(=O)Nc1ccc(C(=O)OC(C)C(=O)Nc2ccc(F)cc2)cc1,383,reinvent_denovo,0.9535069466,5.7338209152,-8.36064,358.369,84.5,3.358,2.0,4.0,6.0,0.0,2.169,0.0,0.213,0.253,O=C(COC(=O)c1ccccc1)Nc1ccccc1,CC(CCC(C)C1CCCCC1)CC1CCCCC1,276,True,ok,STERFWXUQSXSEG-UHFFFAOYSA-N,CCC(=O)Nc1ccc(C(=O)OC(C)C(=O)Nc2ccc(F)cc2)cc1,results/docking/gnina_7mbo/all_filtered_gpu_cnnfast/poses/fxia_filtered_all_chunk_0056_gnina_poses.sdf,358.36899999999997,3.358200000000002,4,2,4.0,0.7757124971462783,1,0,0,0,0.052336127,0.5241703,0.8470432,0.3363027,0.69209254,0.40160114,0.62612987,0.07401718,0.11242946,0.44696587,0.2258914,0.21727681,0.08186309,0.9140097,0.9980572,0.01542784,0.046756707,0.22988048,0.13579705,0.09535301,0.31918293,0.11142431,0.755686,0.41054654,0.3136844,0.06928788,0.056276094,0.5391853,0.13156256,0.31259286,0.3199078,-4.65751,117.09326,96.04592,27.60379,-11.632745,1.9211916,3.3133779,97.69566,-5.236776,1.2388382,55.465729349736385,66.60808435852373,48.55887521968366,61.37082601054482,63.44463971880493,85.65905096660809,55.32513181019333,57.644991212653785,47.59226713532514,25.869947275922673,37.188049209138846,13.81370826010545,34.55184534270651,62.56590509666081,74.48154657293497,91.52899824253076,95.32513181019333,93.42706502636204,39.19156414762742,62.35500878734623,50.22847100175748,69.42003514938489,63.02284710017575,45.061511423550094,84.74516695957821,50.68541300527241,59.789103690685415,74.6572934973638,83.12829525483305,80.24604569420036,86.11599297012303,91.66959578207383,89.24428822495607,48.08435852372584,74.13005272407733,71.56414762741653,81.26537785588754,74.69244288224957,89.45518453427066,77.60984182776802,22.847100175746927,51.84534270650264,69.84182776801407,92.54833040421794,88.99824253075572,66.5377855887522,57.71528998242531,19.894551845342708,85.27240773286468,84.25307557117752,11.282952548330405,48.471001757469246,0.836548,0.675039,0.839455,0.510333,1,DILI_ge_0.50,0.659759,37,true,35
216,FXIA-GEN-022144,0045,reinvent_denovo,-7.93252,0.9635036588,6.170478344,5.9452786446,357.435,101.29,2.404,3.0,4.0,7.0,0.0,1.867,0.0,0.155,0.168,PHGYLPUENDWNEA-UHFFFAOYSA-N,CC(=O)Nc1ccc(SCC(=O)Nc2ccc(CC(N)=O)cc2)cc1,CC(=O)Nc1ccc(SCC(=O)Nc2ccc(CC(N)=O)cc2)cc1,CC(=O)Nc1ccc(SCC(=O)Nc2ccc(CC(N)=O)cc2)cc1,results/docking/gnina_7mbo/all_filtered_gpu_cnnfast/poses/fxia_filtered_all_chunk_0045_gnina_poses.sdf,CC(=O)Nc1ccc(SCC(=O)Nc2ccc(CC(N)=O)cc2)cc1,O=C(CSc1ccccc1)Nc1ccccc1,CC(CCC1CCCCC1)CC1CCCCC1,ok,true,ok,154,true,false,154,,CC(=O)Nc1ccc(SCC(=O)Nc2ccc(CC(N)=O)cc2)cc1,216,reinvent_denovo,0.9635036588,6.170478344,-7.93252,357.435,101.28999999999999,2.404,3.0,4.0,7.0,0.0,1.867,0.0,0.155,0.168,O=C(CSc1ccccc1)Nc1ccccc1,CC(CCC1CCCCC1)CC1CCCCC1,154,True,ok,PHGYLPUENDWNEA-UHFFFAOYSA-N,CC(=O)Nc1ccc(SCC(=O)Nc2ccc(CC(N)=O)cc2)cc1,results/docking/gnina_7mbo/all_filtered_gpu_cnnfast/poses/fxia_filtered_all_chunk_0045_gnina_poses.sdf,357.4350000000001,2.4036,4,3,4.0,0.6623509328943189,0,0,0,0,0.36209756,0.40691885,0.83803797,0.13492195,0.2759898,0.29655844,0.24456498,0.0998293,0.09739781,0.49315208,0.25095585,0.24891761,0.17719588,0.82570374,0.96968365,0.069173254,0.07201699,0.15566126,0.096380115,0.07920155,0.2132483,0.1036337,0.5288841,0.1845398,0.23968682,0.08965629,0.0665391,0.20863667,0.19559129,0.47412696,0.33822125,-5.203538,39.380272,14.67909,8.4368925,-18.186504,2.0120728,1.3772281,78.47128,-3.9031644,0.5760172,55.289982425307564,50.72056239015818,48.55887521968366,78.20738137082601,63.44463971880493,69.03339191564149,22.601054481546576,68.85764499121267,47.59226713532514,25.869947275922673,37.188049209138846,66.71353251318102,26.256590509666083,59.85940246045695,60.03514938488577,72.26713532513182,86.99472759226714,78.20738137082601,47.6274165202109,59.929701230228474,55.149384885764505,71.17750439367312,68.43585237258348,66.5377855887522,74.55184534270651,33.63796133567663,87.17047451669596,86.18629173989456,77.68014059753955,74.72759226713534,83.40949033391917,84.88576449912128,88.33040421792619,35.289982425307564,60.878734622144115,66.01054481546574,84.42882249560634,77.60984182776802,74.41124780316345,84.28822495606327,43.55008787346222,53.63796133567663,35.746924428822496,56.379613356766264,38.98066783831283,37.08260105448155,21.01933216168717,24.18277680140598,51.31810193321618,54.41124780316345,34.16520210896309,41.15992970123023,0.824856,0.657028,0.812465,0.659778,1,DILI_ge_0.50,0.659358,38,true,36
34,FXIA-GEN-013667,0028,reinvent_denovo,-8.32483,0.9809312224,6.9572405815,6.8245744705,401.806,122.5,2.383,2.0,8.0,7.0,0.0,2.848,0.0,0.168,0.168,JULFNXBCFBIAEC-UHFFFAOYSA-N,COc1nnc(Cl)c2ncc(C(=O)CCc3ccc(C(=O)CO)cc3)c(O)c12,COc1nnc(Cl)c2ncc(C(=O)CCc3ccc(C(=O)CO)cc3)c(O)c12,COc1nnc(Cl)c2ncc(C(=O)CCc3ccc(C(=O)CO)cc3)c(O)c12,results/docking/gnina_7mbo/all_filtered_gpu_cnnfast/poses/fxia_filtered_all_chunk_0028_gnina_poses.sdf,COc1nnc(Cl)c2ncc(C(=O)CCc3ccc(C(=O)CO)cc3)c(O)c12,O=C(CCc1ccccc1)c1cnc2cnncc2c1,CC(CCC1CCCCC1)C1CCC2CCCCC2C1,ok,true,ok,27,true,false,27,,COc1nnc(Cl)c2ncc(C(=O)CCc3ccc(C(=O)CO)cc3)c(O)c12,34,reinvent_denovo,0.9809312224,6.9572405815,-8.32483,401.806,122.5,2.383,2.0,8.0,7.0,0.0,2.848,0.0,0.168,0.168,O=C(CCc1ccccc1)c1cnc2cnncc2c1,CC(CCC1CCCCC1)C1CCC2CCCCC2C1,27,True,ok,JULFNXBCFBIAEC-UHFFFAOYSA-N,COc1nnc(Cl)c2ncc(C(=O)CCc3ccc(C(=O)CO)cc3)c(O)c12,results/docking/gnina_7mbo/all_filtered_gpu_cnnfast/poses/fxia_filtered_all_chunk_0028_gnina_poses.sdf,401.80600000000015,2.3829000000000007,8,2,4.0,0.5783290544795913,0,0,0,0,0.48670357,0.49603257,0.81564665,0.35304263,0.4149893,0.33807272,0.5356955,0.060450204,0.093292855,0.58052826,0.28984144,0.44270903,0.07026477,0.9844502,0.98926795,0.047930073,0.031555258,0.21164759,0.18242064,0.046790708,0.1257121,0.21581332,0.7607008,0.4904577,0.6007578,0.11431432,0.09230983,0.5875292,0.30266023,0.64985913,0.31080124,-4.9586873,65.43418,55.265797,0.6895771,-15.166334,2.6127062,2.3541055,100.360275,-4.690838,-0.023567677,65.79964850615114,50.22847100175748,84.51669595782074,61.37082601054482,63.44463971880493,57.39894551845343,22.601054481546576,79.7188049209139,47.59226713532514,25.869947275922673,37.188049209138846,77.78558875219684,32.54833040421793,54.235500878734626,75.00878734622145,81.792618629174,91.38840070298771,90.93145869947277,33.81370826010545,59.29701230228471,64.92091388400704,73.39191564147627,90.29876977152901,40.597539543058,96.90685413005274,39.156414762741655,83.16344463971882,58.62917398945519,81.82776801405976,84.71001757469244,73.77855887521969,68.11950790861161,95.04393673110721,48.26010544815466,77.50439367311073,89.8066783831283,87.80316344463972,82.39015817223199,90.96660808435853,90.65026362038665,67.17047451669596,51.14235500878735,48.154657293497365,72.65377855887523,72.37258347978911,23.51493848857645,34.235500878734626,60.98418277680141,68.04920913884007,89.63093145869948,18.980667838312833,34.86818980667839,0.872794,0.623020,0.792459,0.645333,1,DILI_ge_0.50,0.658088,39,true,37
500,FXIA-GEN-002669,0006,reinvent_denovo,-8.61376,0.9485617876,6.0544514656,5.7430214882,409.225,101.57,3.701,2.0,5.0,5.0,0.0,1.93,0.0,0.212,0.22,BTCSINOIQCDTST-UHFFFAOYSA-N,CC(=O)c1ccc(NC(=O)NC(=O)COC(=O)c2ccc(Cl)cc2Cl)cc1,CC(=O)c1ccc(NC(=O)NC(=O)COC(=O)c2ccc(Cl)cc2Cl)cc1,CC(=O)c1ccc(NC(=O)NC(=O)COC(=O)c2ccc(Cl)cc2Cl)cc1,results/docking/gnina_7mbo/all_filtered_gpu_cnnfast/poses/fxia_filtered_all_chunk_0006_gnina_poses.sdf,CC(=O)c1ccc(NC(=O)NC(=O)COC(=O)c2ccc(Cl)cc2Cl)cc1,O=C(COC(=O)c1ccccc1)NC(=O)Nc1ccccc1,CC(CCC(C)C1CCCCC1)CC(C)CC1CCCCC1,ok,true,ok,357,true,false,357,,CC(=O)c1ccc(NC(=O)NC(=O)COC(=O)c2ccc(Cl)cc2Cl)cc1,500,reinvent_denovo,0.9485617876,6.0544514656,-8.61376,409.225,101.57000000000002,3.701,2.0,5.0,5.0,0.0,1.93,0.0,0.212,0.22,O=C(COC(=O)c1ccccc1)NC(=O)Nc1ccccc1,CC(CCC(C)C1CCCCC1)CC(C)CC1CCCCC1,357,True,ok,BTCSINOIQCDTST-UHFFFAOYSA-N,CC(=O)c1ccc(NC(=O)NC(=O)COC(=O)c2ccc(Cl)cc2Cl)cc1,results/docking/gnina_7mbo/all_filtered_gpu_cnnfast/poses/fxia_filtered_all_chunk_0006_gnina_poses.sdf,409.225,3.701100000000002,5,2,4.0,0.5793826603512668,0,0,0,0,0.10953506,0.67710125,0.9009473,0.6513673,0.61258733,0.4806471,0.6390709,0.09174275,0.05729708,0.5209455,0.1551063,0.37181273,0.053148307,0.9838079,0.99871415,0.014226399,0.03571947,0.34900442,0.09810281,0.029517189,0.16771711,0.13659401,0.8703674,0.5037455,0.36741596,0.07318679,0.032461174,0.5131448,0.17143747,0.39044628,0.28109148,-4.6654615,121.10722,105.92977,50.086082,-12.043213,1.8623703,3.4063869,102.778465,-5.9469595,1.269586,67.55711775043937,72.30228471001759,61.880492091388405,61.37082601054482,63.44463971880493,57.57469244288225,22.601054481546576,69.06854130052724,47.59226713532514,25.869947275922673,37.188049209138846,29.630931458699475,46.432337434094904,79.36731107205624,85.94024604569421,88.96309314586996,97.82073813708261,93.63796133567664,45.026362038664324,51.423550087873465,58.17223198594025,64.14762741652022,85.23725834797892,33.427065026362044,96.76625659050967,54.059753954305805,57.39894551845343,64.49912126537787,88.8224956063269,74.90333919156416,63.09314586994728,78.87521968365554,91.24780316344464,60.00000000000001,77.9261862917399,75.88752196836556,81.792618629174,63.374340949033396,88.50615114235502,81.93321616871705,32.61862917398946,49.13884007029878,69.17398945518454,93.25131810193322,91.10720562390159,81.6871704745167,54.62214411247804,16.766256590509666,87.02987697715291,93.28646748681899,4.499121265377856,49.03339191564148,0.844812,0.653136,0.792710,0.544444,1,DILI_ge_0.50,0.650289,40,true,38
641,FXIA-GEN-008079,0017,reinvent_denovo,-9.28027,0.9429534078,6.3910422325,6.0264549255,369.377,89.99,1.22,1.0,6.0,5.0,0.0,2.745,0.0,0.1,0.157,GEUJFYQQSZGABD-UHFFFAOYSA-N,O=C(NCC(=O)N1CCC(Oc2ccccn2)C1)c1ccc2c(c1)OCO2,O=C(NCC(=O)N1CCC(Oc2ccccn2)C1)c1ccc2c(c1)OCO2,O=C(NCC(=O)N1CCC(Oc2ccccn2)C1)c1ccc2c(c1)OCO2,results/docking/gnina_7mbo/all_filtered_gpu_cnnfast/poses/fxia_filtered_all_chunk_0017_gnina_poses.sdf,O=C(NCC(=O)N1CCC(Oc2ccccn2)C1)c1ccc2c(c1)OCO2,O=C(NCC(=O)N1CCC(Oc2ccccn2)C1)c1ccc2c(c1)OCO2,CC(CCC(C)C1CCC2CCCC2C1)C1CCC(CC2CCCCC2)C1,ok,true,ok,464,true,false,465,,O=C(NCC(=O)N1CCC(Oc2ccccn2)C1)c1ccc2c(c1)OCO2,641,reinvent_denovo,0.9429534078,6.3910422325,-9.28027,369.377,89.99000000000001,1.22,1.0,6.0,5.0,0.0,2.745,0.0,0.1,0.157,O=C(NCC(=O)N1CCC(Oc2ccccn2)C1)c1ccc2c(c1)OCO2,CC(CCC(C)C1CCC2CCCC2C1)C1CCC(CC2CCCCC2)C1,464,True,ok,GEUJFYQQSZGABD-UHFFFAOYSA-N,O=C(NCC(=O)N1CCC(Oc2ccccn2)C1)c1ccc2c(c1)OCO2,results/docking/gnina_7mbo/all_filtered_gpu_cnnfast/poses/fxia_filtered_all_chunk_0017_gnina_poses.sdf,369.3770000000002,1.2199999999999989,6,1,4.0,0.8523873938078089,1,0,0,0,0.21182576,0.90860283,0.8691209,0.121656954,0.33134264,0.27994195,0.13476035,0.17805633,0.106961295,0.59473026,0.5728058,0.12402322,0.24746612,0.70198035,0.99993294,0.006781681,0.022040784,0.0759037,0.031890653,0.0045130355,0.046700448,0.0029490492,0.88422835,0.12662725,0.104365245,0.01479083,0.022001658,0.006847543,0.015189171,0.2985924,0.5720965,-4.7431426,70.20917,46.368866,-10.506857,-13.519712,2.2713742,1.5014012,73.36924,-2.7432141,-1.8479115,58.20738137082601,34.340949033391915,72.46045694200352,36.59050966608085,63.44463971880493,95.3602811950791,55.32513181019333,61.195079086115996,47.59226713532514,25.869947275922673,37.188049209138846,48.57644991212654,70.29876977152901,68.33040421792619,58.80492091388401,76.16871704745168,84.60456942003516,70.22847100175747,65.06151142355009,61.6871704745167,66.99472759226714,84.92091388400704,38.17223198594025,74.76274165202109,66.08084358523726,77.60984182776802,36.16871704745167,44.21792618629174,68.18980667838314,56.555360281195085,16.485061511423552,18.34797891036907,35.81722319859403,62.84710017574693,55.71177504393673,45.13181019332162,59.050966608084366,56.90685413005273,32.02108963093146,36.76625659050967,21.0896309314587,66.39718804920915,63.33919156414763,74.76274165202109,66.22144112478033,7.6625659050966615,44.53427065026362,39.29701230228471,53.49736379613357,49.3145869947276,56.871704745166966,18.769771528998245,0.876951,0.741014,0.857143,0.731889,2,hERG_ge_0.50;DILI_ge_0.50,0.645099,41,true,39
179,FXIA-GEN-021289,0043,reinvent_denovo,-9.47164,0.9662528038,6.5928034782,6.3703150749,375.421,94.3,2.452,1.0,4.0,4.0,0.0,3.034,0.0,0.156,0.167,OSEMOYJGQQVNMO-UHFFFAOYSA-N,Cc1cc(F)ccc1S(=O)(=O)CC1CC(=O)c2c(cccc2C(N)=O)C1,Cc1cc(F)ccc1S(=O)(=O)CC1CC(=O)c2c(cccc2C(N)=O)C1,Cc1cc(F)ccc1S(=O)(=O)CC1CC(=O)c2c(cccc2C(N)=O)C1,results/docking/gnina_7mbo/all_filtered_gpu_cnnfast/poses/fxia_filtered_all_chunk_0043_gnina_poses.sdf,Cc1cc(F)ccc1S(=O)(=O)CC1CC(=O)c2c(cccc2C(N)=O)C1,O=C1CC(CS(=O)(=O)c2ccccc2)Cc2ccccc21,CC1CC(CC(C)(C)C2CCCCC2)CC2CCCCC12,ok,true,ok,127,true,false,127,,Cc1cc(F)ccc1S(=O)(=O)CC1CC(=O)c2c(cccc2C(N)=O)C1,179,reinvent_denovo,0.9662528038,6.5928034782,-9.47164,375.421,94.30000000000001,2.452,1.0,4.0,4.0,0.0,3.034,0.0,0.156,0.167,O=C1CC(CS(=O)(=O)c2ccccc2)Cc2ccccc21,CC1CC(CC(C)(C)C2CCCCC2)CC2CCCCC12,127,True,ok,OSEMOYJGQQVNMO-UHFFFAOYSA-N,Cc1cc(F)ccc1S(=O)(=O)CC1CC(=O)c2c(cccc2C(N)=O)C1,results/docking/gnina_7mbo/all_filtered_gpu_cnnfast/poses/fxia_filtered_all_chunk_0043_gnina_poses.sdf,375.4210000000001,2.45202,4,1,4.0,0.8307138288355082,1,0,0,0,0.13621852,0.74189997,0.79915047,0.17920378,0.6699953,0.33411613,0.60054284,0.0996726,0.11489861,0.6004405,0.7027705,0.22830787,0.062279116,0.86698073,0.9998137,0.027230095,0.04338257,0.089762546,0.14237699,0.02822424,0.11156207,0.039566785,0.84845275,0.55525124,0.27235895,0.016044272,0.043933384,0.2868825,0.06336739,0.37027556,0.38328862,-4.514907,39.689,22.141459,8.10659,-12.690831,2.2917385,1.54616,80.91026,-3.9536521,-4.3850846,59.68365553602813,51.59929701230229,48.55887521968366,36.59050966608085,63.44463971880493,93.00527240773287,55.32513181019333,64.11247803163445,47.59226713532514,25.869947275922673,37.188049209138846,35.39543057996485,52.30228471001758,50.4042179261863,63.72583479789104,90.96660808435853,91.07205623901582,92.86467486818981,47.59226713532514,62.81195079086117,67.83831282952549,88.36555360281196,65.02636203866433,37.36379613356767,78.55887521968366,69.84182776801407,73.39191564147627,72.05623901581723,70.01757469244289,81.12478031634447,62.21441124780317,62.14411247803164,77.04745166959579,57.22319859402461,79.7188049209139,68.68189806678383,60.52724077328647,69.701230228471,78.27768014059755,64.11247803163445,30.298769771529003,56.8365553602812,81.0896309314587,56.73110720562391,46.783831282952555,36.44991212653779,49.84182776801406,40.28119507908612,54.34094903339192,56.73110720562391,33.35676625659051,4.499121265377856,0.921052,0.698951,0.852551,0.659667,2,DILI_ge_0.50;CYP3A4_Veith_ge_0.70,0.635798,42,true,40
202,FXIA-GEN-006155,0013,reinvent_denovo,-9.6965,0.9644534588,6.764102459,6.5236620903,410.478,84.23,2.717,1.0,6.0,4.0,0.0,2.407,0.0,0.153,0.164,DYPPPQQILKMEKW-UHFFFAOYSA-N,COc1ccc(OC)c(NC(=O)N2CCN(c3cc(C)nc4cc(C)nn34)CC2)c1,COc1ccc(OC)c(NC(=O)N2CCN(c3cc(C)nc4cc(C)nn34)CC2)c1,COc1ccc(OC)c(NC(=O)N2CCN(c3cc(C)nc4cc(C)nn34)CC2)c1,results/docking/gnina_7mbo/all_filtered_gpu_cnnfast/poses/fxia_filtered_all_chunk_0013_gnina_poses.sdf,COc1ccc(OC)c(NC(=O)N2CCN(c3cc(C)nc4cc(C)nn34)CC2)c1,O=C(Nc1ccccc1)N1CCN(c2ccnc3ccnn23)CC1,CC(CC1CCCCC1)C1CCC(C2CCCC3CCCC32)CC1,ok,true,ok,146,true,false,146,,COc1ccc(OC)c(NC(=O)N2CCN(c3cc(C)nc4cc(C)nn34)CC2)c1,202,reinvent_denovo,0.9644534588,6.764102459,-9.6965,410.478,84.23,2.717,1.0,6.0,4.0,0.0,2.407,0.0,0.153,0.164,O=C(Nc1ccccc1)N1CCN(c2ccnc3ccnn23)CC1,CC(CC1CCCCC1)C1CCC(C2CCCC3CCCC32)CC1,146,True,ok,DYPPPQQILKMEKW-UHFFFAOYSA-N,COc1ccc(OC)c(NC(=O)N2CCN(c3cc(C)nc4cc(C)nn34)CC2)c1,results/docking/gnina_7mbo/all_filtered_gpu_cnnfast/poses/fxia_filtered_all_chunk_0013_gnina_poses.sdf,410.4780000000002,2.7174400000000007,6,1,4.0,0.7120396691403523,0,0,0,0,0.30593204,0.9361582,0.95705855,0.3085255,0.30230853,0.25788444,0.17656977,0.2630031,0.013555726,0.82537955,0.52171886,0.06279596,0.17941253,0.93188465,0.99999154,0.0045648655,0.025804833,0.25927097,0.034202594,0.00416091,0.05229835,0.002942542,0.98647803,0.31737712,0.1393233,0.057698607,0.0056697805,0.042556867,0.018020649,0.14824851,0.6872454,-5.0296946,61.517845,77.11945,-0.82384795,-13.4753895,2.9619539,2.8623064,88.03542,-4.158333,0.65518135,67.80316344463972,56.8365553602812,72.46045694200352,36.59050966608085,63.44463971880493,76.90685413005274,22.601054481546576,57.57469244288225,47.59226713532514,25.869947275922673,37.188049209138846,60.80843585237259,75.1493848857645,97.68014059753955,72.82952548330405,74.44639718804922,81.37082601054482,73.74340949033393,74.1652021089631,29.173989455184536,95.39543057996485,83.40949033391917,19.894551845342708,66.85413005272409,87.34622144112478,91.07205623901582,25.729349736379614,50.43936731107206,85.27240773286468,57.644991212653785,15.043936731107207,23.163444639718808,35.81722319859403,95.99297012302286,69.66608084358525,52.37258347978911,79.08611599297014,29.841827768014063,52.44288224956064,39.71880492091389,7.275922671353252,71.42355008787347,43.72583479789104,70.65026362038665,83.16344463971882,20.632688927943764,44.67486818980668,80.31634446397189,77.15289982425308,66.29173989455185,29.068541300527244,42.03866432337434,0.932025,0.686957,0.824295,0.666000,2,hERG_ge_0.50;DILI_ge_0.50,0.631236,43,true,41
20,FXIA-GEN-020061,0041,reinvent_denovo,-8.088,0.9834759235,6.509745121,6.4021778107,368.455,84.94,1.676,1.0,6.0,5.0,0.0,2.314,0.0,0.113,0.137,NWGQHIDYDOIMBD-UHFFFAOYSA-N,CCS(=O)(=O)c1cc2c(cc1NC(=O)CN1CCCCC1)OCCO2,CCS(=O)(=O)c1cc2c(cc1NC(=O)CN1CCCCC1)OCCO2,CCS(=O)(=O)c1cc2c(cc1NC(=O)CN1CCCCC1)OCCO2,results/docking/gnina_7mbo/all_filtered_gpu_cnnfast/poses/fxia_filtered_all_chunk_0041_gnina_poses.sdf,CCS(=O)(=O)c1cc2c(cc1NC(=O)CN1CCCCC1)OCCO2,O=C(CN1CCCCC1)Nc1ccc2c(c1)OCCO2,CC(CC1CCCCC1)CC1CCC2CCCCC2C1,ok,true,ok,17,true,false,17,,CCS(=O)(=O)c1cc2c(cc1NC(=O)CN1CCCCC1)OCCO2,20,reinvent_denovo,0.9834759235,6.509745121,-8.088,368.455,84.94000000000001,1.676,1.0,6.0,5.0,0.0,2.314,0.0,0.113,0.137,O=C(CN1CCCCC1)Nc1ccc2c(c1)OCCO2,CC(CC1CCCCC1)CC1CCC2CCCCC2C1,17,True,ok,NWGQHIDYDOIMBD-UHFFFAOYSA-N,CCS(=O)(=O)c1cc2c(cc1NC(=O)CN1CCCCC1)OCCO2,results/docking/gnina_7mbo/all_filtered_gpu_cnnfast/poses/fxia_filtered_all_chunk_0041_gnina_poses.sdf,368.45500000000027,1.6758,6,1,4.0,0.8510892651401335,0,0,0,0,0.19908994,0.88920975,0.7937191,0.11107236,0.38592356,0.21588802,0.19840714,0.20589486,0.33562458,0.5965468,0.33649427,0.25722742,0.29121146,0.5902864,0.9995619,0.022310948,0.027169297,0.04783117,0.051419128,0.016302925,0.080060184,0.011161172,0.8729002,0.30831718,0.18929031,0.009568826,0.033738475,0.053210996,0.044005908,0.44355336,0.6481854,-4.6390433,44.947075,22.692072,1.727322,-12.324953,2.1191227,0.8951707,72.9515,-3.0442052,0.60682,57.961335676625666,40.0,72.46045694200352,36.59050966608085,63.44463971880493,95.21968365553603,22.601054481546576,57.961335676625666,47.59226713532514,25.869947275922673,37.188049209138846,46.81898066783832,67.1353251318102,49.42003514938489,57.328646748681905,80.03514938488577,73.49736379613357,75.43057996485062,68.64674868189807,79.15641476274166,67.45166959578208,76.02811950790861,69.94727592267137,78.48857644991213,60.00000000000001,62.741652021089635,68.85764499121267,52.26713532513182,61.89806678383129,63.93673110720563,49.03339191564148,45.377855887521974,59.75395430579965,60.456942003514946,69.13884007029877,60.105448154657296,50.158172231985944,63.971880492091394,55.64147627416521,57.961335676625666,39.613356766256594,69.87697715289983,71.10720562390159,60.246045694200355,47.31107205623902,24.99121265377856,52.26713532513182,29.666080843585238,44.18277680140598,48.89279437609842,51.84534270650264,41.37082601054482,0.862146,0.717799,0.857143,0.737444,2,hERG_ge_0.50;DILI_ge_0.50,0.631187,44,true,42
8,FXIA-GEN-010105,0021,reinvent_denovo,-7.96601,0.9860697985,6.276538372,6.1891050339,383.404,96.97,2.409,2.0,5.0,6.0,0.0,2.569,0.0,0.189,0.189,HLHFPMXMMIFATR-UHFFFAOYSA-N,COc1ccccc1NC(=O)C(C)OC(=O)c1ccccc1N1CCNC1=O,COc1ccccc1NC(=O)C(C)OC(=O)c1ccccc1N1CCNC1=O,COc1ccccc1NC(=O)C(C)OC(=O)c1ccccc1N1CCNC1=O,results/docking/gnina_7mbo/all_filtered_gpu_cnnfast/poses/fxia_filtered_all_chunk_0021_gnina_poses.sdf,COc1ccccc1NC(=O)C(C)OC(=O)c1ccccc1N1CCNC1=O,O=C(COC(=O)c1ccccc1N1CCNC1=O)Nc1ccccc1,CC(CCC(C)C1CCCCC1C1CCCC1C)CC1CCCCC1,ok,true,ok,7,true,false,7,,COc1ccccc1NC(=O)C(C)OC(=O)c1ccccc1N1CCNC1=O,8,reinvent_denovo,0.9860697985,6.276538372,-7.96601,383.404,96.97,2.409,2.0,5.0,6.0,0.0,2.569,0.0,0.189,0.189,O=C(COC(=O)c1ccccc1N1CCNC1=O)Nc1ccccc1,CC(CCC(C)C1CCCCC1C1CCCC1C)CC1CCCCC1,7,True,ok,HLHFPMXMMIFATR-UHFFFAOYSA-N,COc1ccccc1NC(=O)C(C)OC(=O)c1ccccc1N1CCNC1=O,results/docking/gnina_7mbo/all_filtered_gpu_cnnfast/poses/fxia_filtered_all_chunk_0021_gnina_poses.sdf,383.4040000000001,2.4088000000000003,5,2,4.0,0.7469347857750454,1,0,0,0,0.063480824,0.8352588,0.86174744,0.24483593,0.7500175,0.3585837,0.60308474,0.08413742,0.031060878,0.567768,0.42964333,0.12234976,0.048109874,0.9094359,0.9999285,0.0051790467,0.02022748,0.15248427,0.05743534,0.0127401035,0.10456665,0.029312298,0.9121415,0.33760953,0.1734833,0.02327618,0.020844977,0.12214351,0.027208755,0.24458504,0.31496653,-4.568524,103.24526,79.30874,-17.92858,-12.320316,1.8328497,1.9208183,85.96928,-4.0698233,-5.548055,61.40597539543059,50.75571177504394,61.880492091388405,61.37082601054482,63.44463971880493,81.792618629174,55.32513181019333,65.97539543057997,47.59226713532514,25.869947275922673,37.188049209138846,17.293497363796135,60.878734622144115,66.18629173989456,69.10369068541301,93.1810193321617,92.86467486818981,92.89982425307558,42.84710017574693,41.47627416520211,63.40949033391916,79.82425307557118,37.750439367311074,31.353251318101936,84.00702987697716,77.04745166959579,28.96309314586995,40.94903339191565,77.29349736379613,66.46748681898067,42.601054481546576,59.050966608084366,73.25131810193322,67.90861159929702,70.54481546572936,57.9261862917399,66.57293497363797,55.922671353251324,67.02987697715291,48.26010544815466,15.149384885764501,51.564147627416524,76.59050966608085,89.13884007029878,83.93673110720563,2.5659050966608086,52.30228471001758,15.395430579964852,60.878734622144115,62.636203866432346,30.896309314586997,2.6010544815465733,0.858458,0.729062,0.832604,0.601000,2,DILI_ge_0.50;CYP2C19_Veith_ge_0.70,0.617076,45,true,43
95,FXIA-GEN-029539,0060,reinvent_denovo,-7.78598,0.9726809859,6.5806117058,6.4008359909,379.438,95.71,2.522,1.0,8.0,8.0,0.0,2.728,0.0,0.173,0.173,UTQDBMJVSDMOEM-UHFFFAOYSA-N,COc1cc(OC)c(-c2nnc(SC(C)C(=O)NC3CC3)o2)cc1OC,COc1cc(OC)c(-c2nnc(SC(C)C(=O)NC3CC3)o2)cc1OC,COc1cc(OC)c(-c2nnc(SC(C)C(=O)NC3CC3)o2)cc1OC,results/docking/gnina_7mbo/all_filtered_gpu_cnnfast/poses/fxia_filtered_all_chunk_0060_gnina_poses.sdf,COc1cc(OC)c(-c2nnc(SC(C)C(=O)NC3CC3)o2)cc1OC,O=C(CSc1nnc(-c2ccccc2)o1)NC1CC1,CC(CCC1CCC(C2CCCCC2)C1)CC1CC1,ok,true,ok,70,true,false,70,,COc1cc(OC)c(-c2nnc(SC(C)C(=O)NC3CC3)o2)cc1OC,95,reinvent_denovo,0.9726809859,6.5806117058,-7.78598,379.438,95.71000000000001,2.522,1.0,8.0,8.0,0.0,2.728,0.0,0.173,0.173,O=C(CSc1nnc(-c2ccccc2)o1)NC1CC1,CC(CCC1CCC(C2CCCCC2)C1)CC1CC1,70,True,ok,UTQDBMJVSDMOEM-UHFFFAOYSA-N,COc1cc(OC)c(-c2nnc(SC(C)C(=O)NC3CC3)o2)cc1OC,results/docking/gnina_7mbo/all_filtered_gpu_cnnfast/poses/fxia_filtered_all_chunk_0060_gnina_poses.sdf,379.43800000000016,2.5216000000000003,8,1,4.0,0.6992143842378803,1,0,0,0,0.316272,0.7852295,0.8523205,0.05167485,0.46040535,0.1474296,0.19654137,0.10239373,0.0090342695,0.7495407,0.73235404,0.050507337,0.046607375,0.8634307,0.99997747,0.013164541,0.025939208,0.07546073,0.10630564,0.008034436,0.038881782,0.012268261,0.9597638,0.23325658,0.227246,0.029890185,0.031278,0.07159646,0.040573142,0.26441383,0.28949553,-4.671076,84.352936,80.986885,-5.825135,-9.646737,2.5386028,2.0726664,87.256454,-3.7275116,0.2053647,60.562390158172235,52.829525483304046,84.51669595782074,36.59050966608085,63.44463971880493,75.04393673110721,55.32513181019333,65.23725834797892,47.59226713532514,25.869947275922673,37.188049209138846,61.93321616871705,55.88752196836556,64.21792618629175,47.17047451669596,83.65553602811951,55.21968365553603,75.3602811950791,48.1195079086116,23.866432337434098,87.2407732864675,89.27943760984184,16.62565905096661,30.720562390158175,78.10193321616872,85.86994727592268,54.833040421792624,50.50966608084359,68.18980667838314,76.09841827768015,29.525483304042183,11.95079086115993,61.195079086115996,82.49560632688929,64.49912126537787,64.88576449912127,69.9121265377856,62.91739894551846,59.71880492091389,56.379613356766264,16.766256590509666,49.701230228471005,68.78734622144113,81.61687170474518,84.56942003514939,12.688927943760985,72.79437609841828,55.88752196836556,63.79613356766257,64.85061511423551,37.750439367311074,37.04745166959579,0.828912,0.745213,0.821242,0.634778,2,DILI_ge_0.50;CYP3A4_Veith_ge_0.70,0.614868,46,true,44
251,FXIA-GEN-031987,0064,reinvent_denovo,-8.79076,0.9610949755,6.5543122292,6.2993164062,417.531,104.37,2.422,3.0,4.0,7.0,0.0,2.724,0.0,0.127,0.173,WIPSZQWDEVSTJL-UHFFFAOYSA-N,Cc1ccc(S(=O)(=O)NC(C)C(=O)NC(C)C(=O)Nc2c(C)cccc2C)cc1,Cc1ccc(S(=O)(=O)NC(C)C(=O)NC(C)C(=O)Nc2c(C)cccc2C)cc1,Cc1ccc(S(=O)(=O)NC(C)C(=O)NC(C)C(=O)Nc2c(C)cccc2C)cc1,results/docking/gnina_7mbo/all_filtered_gpu_cnnfast/poses/fxia_filtered_all_chunk_0064_gnina_poses.sdf,Cc1ccc(S(=O)(=O)NC(C)C(=O)NC(C)C(=O)Nc2c(C)cccc2C)cc1,O=C(CNS(=O)(=O)c1ccccc1)NCC(=O)Nc1ccccc1,CC(CCC(C)CC1CCCCC1)CCC(C)(C)C1CCCCC1,ok,true,ok,181,true,false,181,,Cc1ccc(S(=O)(=O)NC(C)C(=O)NC(C)C(=O)Nc2c(C)cccc2C)cc1,251,reinvent_denovo,0.9610949755,6.5543122292,-8.79076,417.531,104.37,2.422,3.0,4.0,7.0,0.0,2.724,0.0,0.127,0.173,O=C(CNS(=O)(=O)c1ccccc1)NCC(=O)Nc1ccccc1,CC(CCC(C)CC1CCCCC1)CCC(C)(C)C1CCCCC1,181,True,ok,WIPSZQWDEVSTJL-UHFFFAOYSA-N,Cc1ccc(S(=O)(=O)NC(C)C(=O)NC(C)C(=O)Nc2c(C)cccc2C)cc1,results/docking/gnina_7mbo/all_filtered_gpu_cnnfast/poses/fxia_filtered_all_chunk_0064_gnina_poses.sdf,417.5310000000002,2.42206,4,3,4.0,0.6434404807738384,2,0,0,0,0.10177393,0.60675526,0.81776875,0.009657005,0.6311623,0.26296383,0.435556,0.075890705,0.0388085,0.67113876,0.87620246,0.17445448,0.056206428,0.82031476,0.9998876,0.0065624476,0.014660664,0.028646138,0.06834745,0.008556308,0.04689025,0.010056503,0.87876207,0.43363476,0.16019107,0.0046227407,0.021907823,0.060250618,0.013262717,0.23992817,0.4878977,-5.260557,36.507137,47.644733,-5.0456195,-14.073421,2.5894866,2.2459054,89.191536,-3.254541,-3.3229518,69.66608084358525,50.896309314587,48.55887521968366,78.20738137082601,63.44463971880493,65.76449912126539,69.84182776801407,70.33391915641477,47.59226713532514,25.869947275922673,37.188049209138846,27.908611599297014,40.63268892794377,54.692442882249566,29.876977152899826,89.73637961335677,82.42530755711776,87.38137082601055,40.07029876977153,45.30755711775044,76.80140597539544,93.91915641476275,52.72407732864675,34.76274165202109,74.23550087873463,73.1810193321617,35.36028119507909,29.806678383128297,54.6572934973638,69.03339191564149,31.07205623901582,18.558875219683657,58.277680140597546,61.511423550087876,75.00878734622145,56.20386643233744,37.39894551845343,56.73110720562391,57.188049209138846,34.76274165202109,14.868189806678384,62.108963093145874,32.829525483304046,54.30579964850616,66.88927943760984,13.954305799648507,40.84358523725835,59.332161687170476,66.39718804920915,68.08435852372584,46.748681898066785,8.224956063268893,0.872979,0.696732,0.807962,0.685889,2,DILI_ge_0.50;CYP3A4_Veith_ge_0.70,0.614019,47,true,45
54,FXIA-GEN-003120,0007,reinvent_denovo,-10.09405,0.9774754047,7.1925740242,7.0305643082,393.535,74.49,3.237,2.0,5.0,4.0,0.0,3.931,0.0,0.144,0.208,CAHPZCBRJAPIKP-UHFFFAOYSA-N,Nc1nccc2cc(NC(=O)CN3C4CCC3CN(C3CCCCC3)C4)ccc12,Nc1nccc2cc(NC(=O)CN3C4CCC3CN(C3CCCCC3)C4)ccc12,Nc1nccc2cc(NC(=O)CN3C4CCC3CN(C3CCCCC3)C4)ccc12,results/docking/gnina_7mbo/all_filtered_gpu_cnnfast/poses/fxia_filtered_all_chunk_0007_gnina_poses.sdf,Nc1nccc2cc(NC(=O)CN3C4CCC3CN(C3CCCCC3)C4)ccc12,O=C(CN1C2CCC1CN(C1CCCCC1)C2)Nc1ccc2cnccc2c1,CC(CC1CCC2CCCCC2C1)CC1C2CCC1CC(C1CCCCC1)C2,ok,true,ok,42,true,false,42,,Nc1nccc2cc(NC(=O)CN3C4CCC3CN(C3CCCCC3)C4)ccc12,54,reinvent_denovo,0.9774754047,7.1925740242,-10.09405,393.535,74.48999999999998,3.237,2.0,5.0,4.0,0.0,3.931,0.0,0.144,0.208,O=C(CN1C2CCC1CN(C1CCCCC1)C2)Nc1ccc2cnccc2c1,CC(CC1CCC2CCCCC2C1)CC1C2CCC1CC(C1CCCCC1)C2,42,True,ok,CAHPZCBRJAPIKP-UHFFFAOYSA-N,Nc1nccc2cc(NC(=O)CN3C4CCC3CN(C3CCCCC3)C4)ccc12,results/docking/gnina_7mbo/all_filtered_gpu_cnnfast/poses/fxia_filtered_all_chunk_0007_gnina_poses.sdf,393.53500000000025,3.2368000000000015,5,2,4.0,0.8341615938330708,2,0,0,0,0.17886698,0.87425596,0.43848342,0.054944813,0.15825313,0.02605201,0.029457122,0.3571586,0.8446453,0.23588943,0.16726068,0.10028416,0.41220218,0.13705416,0.99547577,0.00586824,0.032510113,0.13909614,0.03969281,0.009274234,0.06883013,0.0003646023,0.5348611,0.4222564,0.119759545,0.0028523344,0.009251734,0.04586492,0.010671405,0.4512015,0.96511793,-5.3708243,32.992577,32.260147,22.767872,-16.790688,2.682058,2.3155246,85.20083,-4.517492,6.5866346,64.32337434094904,64.74516695957821,61.880492091388405,61.37082601054482,63.44463971880493,93.32161687170475,69.84182776801407,49.42003514938489,47.59226713532514,25.869947275922673,37.188049209138846,42.84710017574693,64.88576449912127,14.094903339191566,47.873462214411255,60.562390158172235,14.481546572934976,47.697715289982426,80.56239015817224,94.86818980667839,31.423550087873465,65.16695957820738,30.263620386643236,87.2407732864675,25.237258347978912,45.27240773286468,31.880492091388405,59.929701230228474,76.37961335676626,59.89455184534271,33.46221441124781,38.20738137082601,10.298769771528999,35.571177504393674,74.72759226713534,48.822495606326896,29.525483304042183,39.64850615114236,53.63796133567663,30.68541300527241,40.562390158172235,95.2548330404218,27.768014059753956,51.3884007029877,55.922671353251324,61.511423550087876,26.39718804920914,64.78031634446398,67.66256590509667,61.58172231985941,22.39015817223199,80.7029876977153,0.968466,0.607744,0.853372,0.632000,2,hERG_ge_0.50;CYP2D6_Veith_ge_0.70,0.613266,48,true,46
345,FXIA-GEN-000532,0002,reinvent_denovo,-7.00982,0.9551157951,5.6903634071,5.4349560738,371.207,79.87,1.743,2.0,4.0,6.0,1.0,3.499,0.0,0.12,0.13,AJACTXVDQGIRPM-UHFFFAOYSA-O,COc1ccc2c(c1)cc(Br)c(OCC(C)O)[n+]2CC(=O)O,COc1ccc2c(c1)cc(Br)c(OCC(C)O)[n+]2CC(=O)O,COc1ccc2c(c1)cc(Br)c(OCC(C)O)[n+]2CC(=O)O,results/docking/gnina_7mbo/all_filtered_gpu_cnnfast/poses/fxia_filtered_all_chunk_0002_gnina_poses.sdf,COc1ccc2c(c1)cc(Br)c(OCC(C)O)[n+]2CC(=O)O,c1ccc2[nH+]cccc2c1,C1CCC2CCCCC2C1,ok,true,ok,249,true,false,249,,COc1ccc2c(c1)cc(Br)c(OCC(C)O)[n+]2CC(=O)O,345,reinvent_denovo,0.9551157951,5.6903634071,-7.00982,371.207,79.87,1.743,2.0,4.0,6.0,1.0,3.499,0.0,0.12,0.13,c1ccc2[nH+]cccc2c1,C1CCC2CCCCC2C1,249,True,ok,AJACTXVDQGIRPM-UHFFFAOYSA-O,COc1ccc2c(c1)cc(Br)c(OCC(C)O)[n+]2CC(=O)O,results/docking/gnina_7mbo/all_filtered_gpu_cnnfast/poses/fxia_filtered_all_chunk_0002_gnina_poses.sdf,371.20700000000005,1.7425999999999997,4,2,4.0,0.7566942061854955,1,0,1,0,0.08188462,0.39735547,0.41858095,0.08501072,0.11345954,0.06612129,0.052394826,0.03240588,0.1164057,0.109307766,0.01707673,0.3804698,0.06796962,0.17662865,0.23301367,0.017754305,0.02327956,0.029400101,0.015052274,0.036500543,0.06111188,0.010556474,0.068560526,0.0066324985,0.188059,0.009694482,0.016990552,0.015456813,0.02602602,0.51837,0.16418743,-5.455241,7.073037,-3.248439,4.5858874,-15.9316435,2.2017853,-0.9229356,81.352844,-2.5041308,2.8060336,58.76977152899825,40.63268892794377,48.55887521968366,61.37082601054482,63.44463971880493,83.16344463971882,55.32513181019333,53.81370826010545,47.59226713532514,66.52021089630932,37.188049209138846,23.2688927943761,25.483304042179263,13.11072056239016,53.286467486818985,53.95430579964851,26.818980667838314,55.99297012302285,23.90158172231986,62.98769771528999,16.62565905096661,38.94551845342707,85.83479789103691,39.89455184534271,31.599297012302287,10.720562390158173,63.057996485061516,46.5377855887522,55.11423550087874,46.36203866432338,68.29525483304043,31.669595782073817,58.80492091388401,15.184534270650264,29.560632688927946,60.00000000000001,50.36906854130053,51.66959578207382,39.85940246045695,47.48681898066784,49.384885764499124,38.73462214411248,24.956063268892798,22.144112478031637,20.84358523725835,30.333919156414765,29.876977152899826,34.93848857644991,18.594024604569423,57.188049209138846,61.511423550087876,61.58172231985941,0.757751,0.556764,0.834927,0.736667,1,BRENK_alert_present,0.606824,49,true,47
498,FXIA-GEN-030052,0061,reinvent_denovo,-10.05013,0.9486036301,6.8321075439,6.4809617996,425.491,123.24,3.4,2.0,7.0,5.0,0.0,2.478,0.0,0.09,0.167,VCJAHBIXTXSVES-UHFFFAOYSA-N,Nc1ncnc2sc(-c3ccc(S(=O)(=O)c4ccccc4)cc3)c(CC(=O)O)c12,Nc1ncnc2sc(-c3ccc(S(=O)(=O)c4ccccc4)cc3)c(CC(=O)O)c12,Nc1ncnc2sc(-c3ccc(S(=O)(=O)c4ccccc4)cc3)c(CC(=O)O)c12,results/docking/gnina_7mbo/all_filtered_gpu_cnnfast/poses/fxia_filtered_all_chunk_0061_gnina_poses.sdf,Nc1ncnc2sc(-c3ccc(S(=O)(=O)c4ccccc4)cc3)c(CC(=O)O)c12,O=S(=O)(c1ccccc1)c1ccc(-c2cc3cncnc3s2)cc1,CC(C)(C1CCCCC1)C1CCC(C2CC3CCCCC3C2)CC1,ok,true,ok,355,true,false,355,,Nc1ncnc2sc(-c3ccc(S(=O)(=O)c4ccccc4)cc3)c(CC(=O)O)c12,498,reinvent_denovo,0.9486036301,6.8321075439,-10.05013,425.491,123.24,3.4,2.0,7.0,5.0,0.0,2.478,0.0,0.09,0.167,O=S(=O)(c1ccccc1)c1ccc(-c2cc3cncnc3s2)cc1,CC(C)(C1CCCCC1)C1CCC(C2CC3CCCCC3C2)CC1,355,True,ok,VCJAHBIXTXSVES-UHFFFAOYSA-N,Nc1ncnc2sc(-c3ccc(S(=O)(=O)c4ccccc4)cc3)c(CC(=O)O)c12,results/docking/gnina_7mbo/all_filtered_gpu_cnnfast/poses/fxia_filtered_all_chunk_0061_gnina_poses.sdf,425.49100000000016,3.400400000000001,7,2,4.0,0.502134293594636,0,0,0,0,0.090345666,0.13857844,0.91821563,0.04960968,0.16973317,0.5239215,0.47169346,0.02036204,0.019944174,0.2803247,0.13745855,0.5799262,0.102810755,0.99477226,0.93537503,0.010997886,0.048092805,0.07251522,0.06785678,0.018986687,0.094546065,0.08262186,0.21721175,0.31592804,0.18050139,0.020170087,0.010541832,0.16883881,0.091405116,0.22891378,0.17913161,-5.130414,14.154239,9.880984,47.89997,-16.080109,2.74703,0.6185752,99.83104,-4.708333,-8.630463,71.10720562390159,67.45166959578208,79.85940246045695,61.37082601054482,63.44463971880493,46.67838312829526,22.601054481546576,79.96485061511424,47.59226713532514,25.869947275922673,37.188049209138846,25.30755711775044,10.017574692442883,85.37785588752197,46.783831282952555,62.00351493848858,98.76977152899825,88.99824253075572,17.961335676625662,34.93848857644991,35.95782073813709,62.56590509666081,96.3444639718805,51.59929701230229,98.94551845342707,29.279437609841832,49.876977152899826,75.39543057996485,67.69771528998243,69.03339191564149,53.32161687170475,53.81370826010545,85.79964850615114,22.88224956063269,69.56063268892795,59.156414762741655,64.4639718804921,42.21441124780317,71.28295254833041,71.66959578207381,13.848857644991213,40.31634446397189,39.29701230228471,30.298769771529003,33.427065026362044,80.38664323374341,29.173989455184536,68.85764499121267,40.49209138840071,88.64674868189807,18.629173989455186,0.8084358523725835,0.928045,0.623354,0.774318,0.733000,2,DILI_ge_0.50;Carcinogens_Lagunin_ge_0.50,0.603605,50,true,48
2,FXIA-GEN-016833,0034,reinvent_denovo,-8.04587,0.9900402427,6.8981995583,6.8294949532,376.843,126.56,1.172,3.0,5.0,5.0,0.0,2.01,0.0,0.122,0.17,LVJJQTBAZDBWBQ-UHFFFAOYSA-N,NS(=O)(=O)c1ccc(CNS(=O)(=O)c2ccc(O)c(Cl)c2)cc1,NS(=O)(=O)c1ccc(CNS(=O)(=O)c2ccc(O)c(Cl)c2)cc1,NS(=O)(=O)c1ccc(CNS(=O)(=O)c2ccc(O)c(Cl)c2)cc1,results/docking/gnina_7mbo/all_filtered_gpu_cnnfast/poses/fxia_filtered_all_chunk_0034_gnina_poses.sdf,NS(=O)(=O)c1ccc(CNS(=O)(=O)c2ccc(O)c(Cl)c2)cc1,O=S(=O)(NCc1ccccc1)c1ccccc1,CC(C)(CCC1CCCCC1)C1CCCCC1,ok,true,ok,2,true,false,2,,NS(=O)(=O)c1ccc(CNS(=O)(=O)c2ccc(O)c(Cl)c2)cc1,2,reinvent_denovo,0.9900402427,6.8981995583,-8.04587,376.843,126.55999999999999,1.172,3.0,5.0,5.0,0.0,2.01,0.0,0.122,0.17,O=S(=O)(NCc1ccccc1)c1ccccc1,CC(C)(CCC1CCCCC1)C1CCCCC1,2,True,ok,LVJJQTBAZDBWBQ-UHFFFAOYSA-N,NS(=O)(=O)c1ccc(CNS(=O)(=O)c2ccc(O)c(Cl)c2)cc1,results/docking/gnina_7mbo/all_filtered_gpu_cnnfast/poses/fxia_filtered_all_chunk_0034_gnina_poses.sdf,376.8430000000001,1.1715000000000002,5,3,4.0,0.7214938486547987,0,0,0,0,0.08769138,0.31152463,0.8437155,0.08083516,0.1964089,0.329407,0.26011702,0.045431305,0.108651266,0.25723594,0.112307966,0.5551885,0.09886641,0.86565,0.97578037,0.01920421,0.026558194,0.034295116,0.040245358,0.0256338,0.11914458,0.011601744,0.26990977,0.04511435,0.11913969,0.005241216,0.014386507,0.07598091,0.035767116,0.34074324,0.13997677,-5.646249,50.313133,43.585876,-0.42862454,-18.0813,1.7612861,0.9514886,76.82564,-2.721242,-1.3512355,60.105448154657296,33.84885764499121,61.880492091388405,78.20738137082601,63.44463971880493,78.06678383128296,22.601054481546576,80.8084358523726,47.59226713532514,25.869947275922673,37.188049209138846,24.49912126537786,19.964850615114237,61.40597539543059,52.68892794376099,64.56942003514939,90.57996485061513,79.19156414762742,28.787346221441126,61.75746924428823,33.25131810193322,59.824253075571185,95.39543057996485,50.36906854130053,78.34797891036908,34.6572934973638,64.81546572934974,51.31810193321618,57.04745166959579,59.929701230228474,60.03514938488577,65.97539543057997,60.281195079086125,25.20210896309315,44.8506151142355,48.75219683655536,39.26186291739895,48.1195079086116,60.35149384885765,53.81370826010545,25.90509666080844,36.239015817223205,20.597539543057998,64.11247803163445,64.42882249560633,21.300527240773288,21.370826010544818,12.372583479789105,45.061511423550094,52.79437609841828,57.15289982425308,23.09314586994728,0.868809,0.665198,0.826546,0.694444,2,DILI_ge_0.50;Carcinogens_Lagunin_ge_0.50,0.603589,51,true,49
355,FXIA-GEN-012755,0026,reinvent_denovo,-8.65053,0.9544238448,6.9757800102,6.6578507423,463.531,117.62,2.085,3.0,6.0,7.0,0.0,3.852,0.0,0.145,0.194,JDZTZUIKMLNCOR-UHFFFAOYSA-N,CC1(C)C(=O)Nc2ncc(COCC3C(O)CCC3NS(=O)(=O)c3ccc(F)cc3)cc21,CC1(C)C(=O)Nc2ncc(COCC3C(O)CCC3NS(=O)(=O)c3ccc(F)cc3)cc21,CC1(C)C(=O)Nc2ncc(COCC3C(O)CCC3NS(=O)(=O)c3ccc(F)cc3)cc21,results/docking/gnina_7mbo/all_filtered_gpu_cnnfast/poses/fxia_filtered_all_chunk_0026_gnina_poses.sdf,CC1(C)C(=O)Nc2ncc(COCC3C(O)CCC3NS(=O)(=O)c3ccc(F)cc3)cc21,O=C1Cc2cc(COCC3CCCC3NS(=O)(=O)c3ccccc3)cnc2N1,CC1CC2CCC(CCCC3CCCC3CC(C)(C)C3CCCCC3)CC2C1,ok,true,ok,256,true,false,256,,CC1(C)C(=O)Nc2ncc(COCC3C(O)CCC3NS(=O)(=O)c3ccc(F)cc3)cc21,355,reinvent_denovo,0.9544238448,6.9757800102,-8.65053,463.531,117.62,2.085,3.0,6.0,7.0,0.0,3.852,0.0,0.145,0.194,O=C1Cc2cc(COCC3CCCC3NS(=O)(=O)c3ccccc3)cnc2N1,CC1CC2CCC(CCCC3CCCC3CC(C)(C)C3CCCCC3)CC2C1,256,True,ok,JDZTZUIKMLNCOR-UHFFFAOYSA-N,CC1(C)C(=O)Nc2ncc(COCC3C(O)CCC3NS(=O)(=O)c3ccc(F)cc3)cc21,results/docking/gnina_7mbo/all_filtered_gpu_cnnfast/poses/fxia_filtered_all_chunk_0026_gnina_poses.sdf,463.53100000000006,2.0849999999999995,6,3,4.0,0.5788416586685862,3,0,0,0,0.11215411,0.45486292,0.8622712,0.007899017,0.29807705,0.25718784,0.31131542,0.086289056,0.069769785,0.6509644,0.7144886,0.16441573,0.1551803,0.8478397,0.99898255,0.013281983,0.027344856,0.032634024,0.09708074,0.013922979,0.049772907,0.015195655,0.7459812,0.41317233,0.18801245,0.0072951005,0.02231345,0.09802271,0.037235595,0.16573541,0.48527446,-5.239556,17.609676,25.74942,14.225766,-16.291962,2.804721,1.8559456,76.86174,-3.4656072,0.65024567,77.78558875219684,46.010544815465735,72.46045694200352,78.20738137082601,63.44463971880493,57.469244288224964,76.60808435852373,77.15289982425308,47.59226713532514,25.869947275922673,37.188049209138846,30.298769771529003,29.736379613356767,66.32688927943761,28.57644991212654,74.1652021089631,81.30052724077329,81.65202108963094,43.690685413005276,54.34094903339192,73.95430579964851,88.75219683655537,50.08787346221442,63.057996485061516,76.37961335676626,56.20386643233744,54.97363796133568,52.4780316344464,56.555360281195085,74.79789103690686,45.09666080843586,21.15992970123023,64.28822495606327,47.27592267135326,74.23550087873463,59.964850615114244,44.81546572934974,57.04745166959579,64.18277680140598,54.55184534270651,8.541300527240773,61.93321616871705,33.77855887521969,34.13005272407733,50.298769771529,47.66256590509666,28.119507908611602,72.16168717047452,59.29701230228471,52.79437609841828,42.91739894551846,41.968365553602816,0.855225,0.692659,0.792581,0.644889,2,DILI_ge_0.50;CYP3A4_Veith_ge_0.70,0.599769,52,true,50
